119 255 103
118 255 104
118 255 104
119 248 107
119 250 106
119 253 105
119 250 106
119 253 105
119 255 103
119 255 102
117 253 103
117 255 104
118 255 104
119 255 104
120 255 105
119 255 109
119 255 110
119 253 109
119 250 111
119 250 109
119 253 108
119 255 103
119 255 104
117 255 102
117 255 102
118 255 103
118 255 105
118 255 105
119 253 109
119 253 111
119 253 111
119 255 110
119 255 108
119 255 108
119 255 105
120 255 103
119 255 103
118 255 104
118 252 101
118 253 103
118 253 103
118 255 104
118 255 105
118 255 107
119 255 106
119 255 108
119 255 107
120 255 106
119 255 106
119 253 108
119 253 108
119 255 107
119 255 103
119 255 105
118 253 105
118 250 106
118 253 105
118 255 104
118 255 104
118 255 106
119 250 107
119 255 106
119 255 106
119 255 106
119 255 106
119 255 107
119 248 110
119 248 110
119 250 109
119 253 106
119 253 106
119 253 106
119 250 107
119 248 108
119 250 107
119 255 105
119 255 104
119 255 105
119 250 107
119 248 109
119 248 109
119 248 109
119 250 108
119 253 108
119 250 109
119 255 107
119 255 105
119 253 108
119 253 108
119 255 107
119 255 107
119 250 109
119 250 109
119 253 108
119 255 105
119 255 105
119 255 105
119 253 106
119 255 106
119 253 109
119 253 109
119 253 109
119 253 110
119 253 110
119 255 109
119 255 105
119 255 107
119 255 106
119 255 106
119 255 107
119 255 109
119 255 107
119 255 107
119 253 106
119 253 106
118 253 105
119 253 106
120 255 106
120 255 108
119 255 109
119 255 109
119 255 111
119 250 113
119 250 113
119 255 109
119 255 109
119 255 106
119 255 106
119 253 106
119 255 105
119 255 105
119 255 105
119 253 106
118 250 106
118 250 106
119 253 106
119 250 110
119 250 113
119 253 112
119 255 111
119 255 112
119 253 113
119 255 111
119 255 110
119 253 110
119 255 106
119 255 106
119 253 106
119 246 111
119 248 110
119 253 108
119 255 105
118 255 104
118 253 103
118 250 104
118 250 106
119 255 107
119 253 111
119 250 112
119 253 111
119 255 111
119 253 112
119 248 114
119 248 114
119 255 109
119 255 107
119 255 107
119 253 106
118 250 106
119 250 107
119 253 106
118 255 104
119 255 100
119 255 100
118 255 100
118 253 103
119 255 105
119 253 109
119 253 109
119 255 107
119 255 106
119 255 107
119 255 111
119 255 109
119 253 110
119 255 108
119 255 104
120 255 101
119 253 106
119 250 107
118 253 105
119 255 100
119 255 99
119 255 100
118 253 103
119 248 106
119 248 107
119 250 108
119 255 105
119 255 104
119 255 105
119 255 109
119 253 110
119 248 112
119 255 109
119 255 105
119 255 102
119 253 106
118 248 107
118 250 106
118 255 104
119 255 101
118 255 104
118 253 105
119 245 107
119 248 106
119 250 106
119 255 104
119 255 105
119 255 106
119 253 108
119 248 110
119 248 110
119 250 109
119 253 108
119 250 107
119 253 106
119 253 106
119 250 107
119 250 107
118 250 106
119 253 106
118 253 105
119 250 105
119 253 102
119 255 102
119 255 102
119 255 102
119 255 103
119 255 105
119 250 107
119 255 105
119 255 104
119 255 105
119 250 107
119 255 104
119 255 107
119 253 108
119 250 109
119 253 108
119 255 105
119 253 104
119 255 103
119 255 103
119 255 104
119 255 105
119 255 105
119 253 106
119 248 108
119 255 105
119 255 103
119 255 101
119 255 107
119 255 109
119 255 108
119 255 109
119 255 109
119 253 110
119 250 108
119 253 105
119 253 105
119 248 109
119 250 109
119 253 108
119 253 106
119 250 107
118 253 105
119 255 103
119 255 101
119 253 110
119 255 107
119 255 107
119 255 109
119 248 112
119 255 106
119 255 103
119 255 104
119 253 106
119 253 106
119 255 104
119 255 103
119 255 103
118 255 104
118 255 104
119 253 110
119 255 107
119 253 108
119 253 106
118 243 109
117 253 105
118 253 105
118 255 105
118 253 107
118 250 109
118 255 107
118 255 105
118 255 107
118 253 105
118 253 103
118 255 100
118 255 100
118 255 101
118 255 102
118 255 106
118 253 107
118 255 107
118 255 100
117 255 117
118 251 117
117 253 121
117 251 118
117 251 118
118 251 116
118 255 115
118 255 116
118 255 114
118 255 114
118 255 115
118 255 115
118 255 115
118 255 116
118 255 117
118 255 115
118 253 116
118 251 116
118 248 117
118 251 116
116 251 129
117 249 126
117 253 121
117 249 120
117 249 120
117 255 117
118 255 114
118 255 114
118 255 115
118 255 115
118 255 112
118 255 112
118 255 113
118 255 111
118 255 112
118 255 112
118 255 115
118 255 115
118 255 114
118 253 116
118 253 116
118 253 115
118 253 115
118 251 114
118 251 114
117 255 114
116 255 127
117 253 124
117 253 123
118 255 121
118 253 122
118 255 121
118 255 119
118 255 118
118 255 119
118 253 120
118 253 118
118 255 114
117 255 115
117 255 116
117 255 115
117 253 111
118 253 111
118 255 112
118 255 114
118 251 116
118 253 116
118 255 115
118 255 113
118 255 114
118 255 114
118 251 116
118 248 115
118 251 114
117 255 111
117 255 112
116 255 125
117 255 125
117 255 124
117 255 123
118 255 123
118 255 123
118 255 124
118 255 123
118 255 123
118 255 126
118 255 126
118 255 124
117 255 118
117 253 117
117 251 119
117 255 117
118 255 115
117 255 112
117 255 112
118 253 113
118 255 112
118 253 115
118 251 116
118 253 116
118 255 114
119 255 112
118 255 113
118 255 114
118 251 116
118 248 115
118 251 114
117 255 113
117 255 112
118 253 113
117 255 127
117 255 127
117 255 124
117 255 124
118 251 125
118 255 123
118 255 122
118 255 123
118 255 124
118 255 125
118 255 125
118 255 122
117 255 116
117 253 117
117 253 118
118 255 117
118 255 116
117 255 111
117 255 113
118 253 113
118 255 112
118 253 115
118 253 115
118 255 115
118 255 113
118 255 113
118 255 114
118 255 114
118 253 115
118 253 115
118 251 114
117 255 114
117 255 113
118 255 114
117 255 132
117 255 130
117 255 127
117 255 126
117 255 124
118 251 123
117 255 119
118 255 117
118 255 115
117 255 117
117 255 117
117 255 117
117 255 115
117 255 115
117 255 115
118 255 115
118 255 116
118 255 119
118 251 123
118 255 110
117 255 113
117 255 116
118 251 116
118 251 116
118 251 117
118 251 117
118 253 118
118 255 116
118 255 115
118 255 115
118 255 115
118 253 115
118 253 115
118 253 115
117 255 113
117 255 115
118 255 114
118 255 116
117 255 130
117 255 127
118 255 125
118 255 122
117 255 121
117 255 119
118 255 115
118 255 114
118 255 114
117 255 116
117 253 117
117 255 115
117 255 115
117 249 119
117 253 118
117 255 118
118 255 117
118 253 120
118 249 124
118 253 113
118 255 114
117 255 115
118 251 116
118 253 116
118 253 116
118 253 116
118 255 117
118 255 115
118 255 113
118 255 114
118 253 116
118 253 116
118 253 115
118 255 114
118 255 111
118 255 113
118 255 117
118 255 118
117 253 121
117 255 120
118 255 117
118 255 115
117 255 117
118 255 115
118 255 114
118 255 114
118 255 115
117 255 117
117 255 118
117 253 119
117 251 120
117 249 120
117 249 120
118 249 120
118 255 117
118 255 119
118 253 120
118 249 118
118 255 114
118 255 115
118 253 116
118 255 117
118 255 117
118 255 117
118 255 116
119 255 114
118 255 113
118 255 114
118 255 115
118 253 116
118 253 115
118 255 114
118 253 115
118 253 116
119 255 120
118 255 123
117 253 118
117 253 118
118 255 114
118 255 114
117 253 117
117 255 115
118 255 114
118 255 114
117 255 115
117 255 117
117 255 117
117 253 119
117 249 121
118 255 115
117 255 117
118 253 118
118 255 116
118 255 115
118 255 117
118 253 118
118 255 117
118 251 119
118 251 119
118 253 118
118 253 118
118 253 118
118 255 117
118 255 116
118 255 115
118 255 115
118 255 115
118 255 115
118 255 114
118 253 115
118 248 117
118 246 119
119 255 120
118 255 123
117 255 119
118 251 119
118 251 119
118 251 117
117 255 116
117 255 116
117 255 112
117 253 115
117 253 115
117 255 113
117 255 112
116 246 117
116 246 117
117 255 114
117 255 117
118 255 117
118 255 113
118 255 113
118 255 114
118 255 114
118 255 111
118 255 121
118 253 122
118 253 120
118 253 120
118 255 119
118 255 118
118 255 115
118 255 115
118 255 115
118 255 115
118 251 117
118 251 117
118 251 117
118 255 115
118 255 113
119 255 112
118 255 112
118 255 114
118 255 119
119 255 119
119 255 118
118 255 119
118 253 118
118 251 119
117 255 116
118 255 114
117 251 118
117 251 118
117 251 116
117 253 115
116 255 113
116 255 113
117 255 112
117 255 113
117 255 116
118 255 117
118 255 113
118 255 112
118 255 113
118 255 111
117 255 119
118 255 119
118 255 119
118 255 119
118 255 118
118 255 116
118 255 116
118 255 116
118 255 116
118 251 117
118 255 115
118 255 114
118 255 113
118 255 114
118 255 114
118 255 112
118 255 113
118 249 122
118 253 122
118 255 119
118 253 120
118 251 119
117 255 118
118 255 115
117 253 118
117 255 116
117 255 117
117 251 119
117 251 119
117 255 116
117 255 117
117 251 119
118 253 118
118 253 118
118 253 116
118 255 114
118 255 112
118 253 111
118 255 114
118 255 117
118 255 119
118 255 119
118 255 119
118 255 117
118 255 117
118 253 117
118 253 117
118 251 116
118 255 114
118 255 113
118 255 114
118 251 117
118 249 118
118 253 116
118 255 116
118 249 122
118 251 123
118 251 119
118 251 121
118 249 120
117 253 120
117 253 120
117 255 119
117 255 119
117 255 119
117 253 120
118 255 121
118 255 120
118 255 120
117 253 120
118 255 117
118 253 116
118 251 116
118 253 115
118 253 113
118 250 112
117 251 119
118 253 118
118 253 120
118 253 120
118 253 120
118 253 118
118 253 118
118 251 118
118 251 118
118 251 116
118 253 115
118 255 115
118 253 116
118 249 118
118 249 118
118 251 117
118 255 117
118 253 122
118 255 121
117 253 118
117 255 119
117 255 118
117 253 120
117 249 122
118 251 123
118 245 126
118 243 125
118 253 120
119 255 119
119 255 120
119 255 120
119 255 115
118 255 115
118 255 115
118 253 115
118 255 113
118 255 111
118 255 110
118 251 117
118 255 117
118 253 120
118 253 120
118 253 120
118 253 118
118 253 118
118 253 115
118 255 114
118 251 116
118 251 116
118 253 116
118 253 116
118 255 117
118 255 116
118 255 116
118 255 115
118 255 121
118 255 123
118 255 115
118 255 115
117 255 117
117 251 121
117 255 119
117 249 122
118 247 123
118 255 117
119 255 116
118 253 122
118 255 121
119 255 114
118 255 115
118 255 115
118 253 115
118 255 113
118 255 111
118 255 119
118 255 119
118 253 120
118 253 120
118 253 118
118 255 117
118 255 114
118 255 113
118 255 114
118 253 115
118 255 115
118 253 116
118 255 117
118 255 117
118 255 117
118 253 120
118 255 121
117 255 115
117 255 115
117 255 115
117 255 117
118 255 115
118 255 115
118 255 116
118 255 115
118 255 116
118 249 121
118 249 121
118 253 117
118 255 115
118 251 116
118 251 116
118 255 114
118 255 114
118 255 119
118 255 119
118 253 120
118 253 120
118 253 118
118 255 117
118 255 113
118 255 113
118 253 115
118 255 114
118 255 115
118 255 116
118 253 118
118 251 119
118 251 121
118 251 121
118 255 118
117 253 117
117 255 116
118 255 114
117 253 118
118 255 114
119 255 112
118 255 114
118 251 118
118 253 117
118 255 116
118 253 117
118 255 114
118 253 116
118 253 116
118 255 114
118 255 119
118 253 120
118 251 121
118 251 121
118 253 118
118 255 116
119 255 115
118 247 120
118 255 116
119 255 114
119 255 116
118 255 118
118 253 120
119 255 120
119 255 118
118 255 115
119 255 112
118 253 118
118 255 117
118 255 117
118 255 117
118 255 117
118 255 117
118 255 116
118 255 116
118 255 117
118 255 116
118 255 119
118 255 123
118 255 119
118 255 118
118 255 119
118 255 119
118 255 118
118 255 119
118 255 119
118 255 118
119 255 119
119 255 119
119 255 120
119 255 121
118 255 116
118 255 116
118 255 116
118 255 116
118 255 117
118 255 117
118 255 117
118 255 117
118 255 117
118 255 119
118 253 120
118 253 120
118 253 120
118 255 118
118 255 119
118 255 119
118 255 119
118 253 122
118 251 121
118 255 116
118 255 115
117 255 119
118 255 115
118 253 115
118 253 116
118 253 118
118 253 120
118 253 120
118 253 120
118 255 120
118 255 114
118 253 113
117 255 112
118 255 111
118 255 114
118 255 115
118 255 117
118 255 119
118 255 121
118 253 122
118 253 122
118 251 121
117 255 117
118 255 114
118 253 115
118 251 114
117 255 113
118 255 111
118 255 110
118 255 112
118 255 115
118 255 118
118 255 121
118 253 122
118 251 123
118 251 121
118 255 115
118 255 114
118 253 120
118 253 120
118 251 121
118 249 120
117 253 120
117 255 116
118 255 111
118 255 110
118 255 113
118 255 116
118 255 119
118 255 119
118 253 120
118 253 118
118 255 113
118 253 113
117 255 112
118 255 119
119 255 120
118 253 122
118 251 123
118 255 123
118 255 119
118 253 115
118 250 113
118 253 115
118 255 116
118 255 117
118 255 117
118 255 116
118 255 114
118 255 114
118 251 114
117 253 113
117 255 118
118 251 119
118 253 120
119 255 120
119 255 119
118 255 122
118 255 121
118 255 119
118 255 116
118 255 116
118 255 116
118 255 117
118 253 118
118 253 116
118 255 114
118 255 112
118 255 111
118 255 112
118 255 111
117 255 116
118 251 117
118 253 118
118 255 119
119 255 120
118 255 122
118 255 121
119 255 116
119 255 116
118 255 117
118 255 116
118 253 118
118 251 117
118 249 118
118 248 117
118 255 112
118 255 114
118 251 114
118 248 115
117 255 115
118 253 115
118 253 116
118 255 115
118 255 117
118 255 119
118 255 119
118 255 117
118 255 117
118 255 117
118 255 117
118 255 117
118 253 116
118 253 116
118 251 117
118 253 115
118 251 116
118 248 115
118 248 113
118 255 114
118 253 115
118 253 115
118 253 116
118 255 115
118 255 115
118 255 115
118 251 117
118 251 117
118 251 117
118 253 116
118 255 114
118 255 114
118 255 115
118 251 117
118 248 117
118 251 116
118 253 113
118 255 110
117 255 117
118 255 115
118 255 114
118 255 114
118 253 115
118 253 115
118 253 115
118 253 115
118 255 114
117 255 112
117 255 112
117 255 115
118 255 114
118 255 114
117 255 115
117 253 118
117 249 120
117 255 116
117 255 115
118 255 114
117 255 112
118 255 111
116 253 121
116 255 118
116 255 120
118 255 115
117 245 128
117 255 121
117 255 119
118 253 118
118 255 115
118 255 117
118 253 116
118 253 116
118 251 117
118 251 117
118 253 116
118 255 114
117 255 112
117 255 112
117 255 111
117 255 113
118 255 114
117 255 115
117 255 116
117 255 117
118 255 112
118 255 114
117 255 116
117 255 116
117 255 118
117 253 122
117 255 121
117 255 119
117 255 122
118 255 118
118 255 120
118 253 124
118 251 121
118 251 121
118 251 119
117 253 120
117 251 119
118 255 122
118 253 120
118 251 121
118 249 120
118 251 119
118 253 118
118 255 114
117 251 114
117 253 111
117 253 113
117 255 114
117 255 115
118 255 114
118 255 113
118 255 114
118 255 115
118 255 116
117 255 118
117 255 118
117 255 118
117 251 124
117 255 122
118 255 117
119 255 115
117 241 131
117 249 129
118 253 126
118 249 124
118 251 123
118 251 123
118 247 123
118 251 123
118 253 122
117 251 122
118 255 125
118 253 124
118 251 123
118 249 122
118 249 122
118 253 118
118 255 115
117 255 112
117 255 110
117 255 113
117 255 116
117 253 118
117 255 117
118 255 117
118 255 117
118 255 121
118 255 120
118 255 118
118 255 115
117 253 118
117 255 119
117 251 122
117 251 122
117 255 118
118 255 116
119 255 115
118 255 120
118 251 123
118 255 123
119 255 122
118 255 123
118 251 123
118 255 123
118 255 122
118 255 122
117 255 121
118 255 124
118 255 123
119 255 120
118 255 118
118 253 120
118 253 118
118 255 117
118 255 115
117 253 118
117 255 116
118 255 117
118 251 123
118 251 123
118 255 120
118 255 121
118 255 121
118 255 120
118 253 122
117 253 120
117 255 119
117 253 121
117 251 122
117 251 122
117 255 120
118 255 120
118 255 120
118 251 121
118 251 123
119 253 121
119 253 121
118 253 122
118 249 124
118 251 125
118 255 123
118 255 122
117 255 123
118 255 123
118 255 121
118 255 119
118 251 119
118 253 118
118 255 115
117 255 116
117 253 118
117 255 118
118 255 116
118 255 120
118 255 120
119 255 119
118 255 120
118 255 120
118 255 121
118 255 121
118 255 121
118 255 121
117 255 120
117 255 118
117 255 117
117 255 116
117 255 119
117 253 120
118 251 119
118 255 118
118 255 118
118 255 119
118 253 120
118 249 122
118 253 122
118 255 120
118 255 119
118 255 119
118 255 122
118 255 119
118 255 116
118 255 117
118 255 115
118 255 114
118 255 111
117 255 114
117 253 113
117 255 112
118 255 112
117 255 116
118 255 117
118 255 117
118 255 120
119 255 118
119 255 121
118 255 123
118 253 124
118 253 122
117 255 119
117 255 117
117 255 116
117 255 116
117 255 119
117 251 121
118 249 120
118 253 118
118 253 118
118 253 118
118 251 119
118 251 119
117 255 119
117 255 118
118 255 117
118 255 119
118 255 120
117 255 116
118 255 115
118 253 115
118 255 113
118 255 111
117 255 113
117 253 115
117 255 115
118 255 114
117 255 119
117 255 118
118 255 118
118 255 120
118 255 120
118 255 120
118 255 121
118 251 123
117 255 119
117 255 118
117 253 118
117 255 117
117 253 118
117 249 120
117 247 121
117 247 121
117 251 119
117 253 118
117 255 117
117 255 116
118 253 116
118 253 116
118 251 117
118 251 119
118 255 121
118 251 117
118 248 117
118 248 117
118 253 115
118 255 118
118 251 123
118 253 122
118 253 122
118 249 124
118 253 122
118 255 117
118 255 119
118 247 123
118 255 117
117 255 119
117 255 115
117 255 116
117 253 117
117 255 115
117 255 115
117 255 117
117 249 120
117 247 121
117 253 118
117 255 119
117 255 118
118 255 116
118 255 115
118 255 119
118 251 120
118 251 120
118 251 123
118 248 117
118 251 117
119 255 119
118 253 124
118 253 124
118 253 124
118 251 123
119 255 120
119 255 115
119 255 100
118 255 114
118 255 114
118 255 113
118 255 111
117 255 110
117 255 111
117 255 110
117 255 112
117 255 115
117 255 117
117 255 117
117 255 118
118 255 120
118 255 120
119 255 118
119 255 120
119 255 122
119 255 123
119 255 123
118 251 123
118 255 121
118 253 120
119 255 103
120 255 102
119 255 102
119 255 102
118 255 99
118 252 97
118 252 95
118 255 94
119 255 96
118 255 114
118 255 111
117 255 113
117 255 112
117 255 114
117 255 114
117 255 114
117 253 117
117 255 116
117 255 115
117 255 118
117 255 118
118 255 119
119 255 119
119 255 121
119 255 123
119 253 126
119 255 123
118 253 124
119 255 105
119 250 107
120 255 103
119 255 102
119 255 101
120 255 98
119 255 98
118 252 98
118 255 96
119 255 93
119 252 97
119 255 98
119 255 99
118 255 120
119 255 115
117 249 122
117 249 120
117 251 121
117 253 118
117 255 118
117 255 116
117 255 116
117 255 116
118 255 113
117 255 116
117 251 119
117 253 120
118 255 120
118 253 124
118 249 127
118 249 127
118 245 130
120 255 102
119 255 105
119 250 107
119 255 103
119 255 103
119 253 102
118 250 101
118 252 98
118 252 97
118 252 97
118 255 96
119 250 98
119 252 97
119 252 99
119 250 102
118 253 122
118 255 119
117 253 120
117 253 120
117 255 119
117 255 119
117 255 117
117 255 117
117 255 116
117 255 116
117 255 117
117 253 116
117 253 117
117 255 116
118 255 117
118 255 119
118 255 121
118 255 122
118 253 126
119 255 100
119 255 102
120 255 101
120 255 101
119 255 101
119 255 101
118 248 102
118 245 101
118 247 99
118 255 94
118 255 92
118 250 96
119 255 95
119 255 96
118 252 100
119 250 103
119 250 105
117 253 118
117 255 117
117 255 116
117 255 116
117 255 117
117 255 117
117 255 117
117 255 117
117 255 117
117 255 116
117 251 119
117 253 118
117 255 116
118 255 114
118 255 115
117 255 118
118 255 119
118 255 117
118 255 120
119 255 100
119 252 101
119 255 99
120 255 97
119 255 101
119 255 98
118 255 99
118 247 100
118 250 98
118 255 93
118 255 91
118 250 96
119 255 95
119 255 96
118 252 100
118 250 101
119 250 103
117 255 114
117 255 114
117 255 114
117 255 116
117 253 117
117 255 118
117 255 118
117 255 117
117 255 117
117 253 119
117 255 118
117 255 117
118 255 115
117 255 116
117 253 118
118 249 118
118 251 119
119 255 96
119 255 101
119 250 103
119 253 104
119 255 102
119 253 104
119 255 99
120 255 98
118 252 100
118 250 101
118 255 97
119 255 95
118 252 97
118 250 99
118 252 100
118 252 100
118 252 100
119 255 101
119 255 99
117 255 114
117 255 114
117 255 114
117 255 116
117 253 117
117 255 117
117 255 119
117 255 119
117 255 118
117 255 118
117 253 120
117 253 120
117 255 118
118 255 115
117 255 117
118 246 119
118 246 119
120 255 94
119 255 99
119 253 102
119 250 105
119 255 103
119 253 104
119 255 102
119 255 101
119 255 100
119 253 102
118 250 101
118 252 100
118 252 100
119 250 103
119 255 101
119 255 100
119 255 101
119 255 103
119 255 102
117 255 116
117 255 116
117 255 117
117 255 117
117 255 118
118 255 120
118 255 120
118 255 121
118 255 122
118 253 124
118 253 124
118 255 120
118 255 116
118 255 114
118 255 115
119 255 94
120 255 97
119 255 101
119 253 104
119 255 102
119 255 103
119 253 104
119 253 104
119 255 102
119 255 103
119 250 103
119 250 103
119 255 101
119 255 103
119 255 102
120 255 101
119 255 104
119 250 106
119 250 106
117 253 120
117 255 119
118 255 121
118 255 120
118 255 122
118 255 122
118 255 124
118 255 125
118 253 126
118 255 125
118 255 122
118 255 121
118 255 119
118 255 97
119 255 97
118 252 100
119 253 102
119 255 100
120 255 100
119 250 105
119 248 106
119 255 100
119 255 101
119 253 102
119 250 103
119 255 100
119 255 103
119 255 101
120 255 100
119 253 104
119 248 106
119 248 106
118 253 122
118 253 122
118 253 122
118 253 124
118 253 124
118 253 126
118 255 125
118 255 124
118 255 124
119 255 90
119 255 91
119 255 95
118 255 96
118 255 97
118 255 99
119 255 100
119 255 99
119 255 99
118 255 99
119 250 103
118 250 101
118 250 101
118 255 97
119 255 94
118 255 97
119 255 94
120 255 92
119 255 94
119 255 95
119 255 95
118 255 120
118 255 94
118 255 94
118 255 96
118 255 97
118 252 98
118 255 99
118 255 99
118 255 99
118 255 99
119 253 102
118 252 100
118 255 99
119 255 96
119 255 93
118 252 97
118 255 94
119 255 92
118 252 95
118 252 95
118 250 98
118 252 97
118 255 97
118 255 97
118 252 100
119 255 101
119 255 101
119 253 102
119 255 101
119 255 102
119 255 99
119 255 99
119 255 97
120 255 95
118 255 99
119 255 98
119 255 98
118 252 98
118 252 98
118 250 99
118 252 100
118 255 99
119 253 102
119 253 102
119 255 102
119 255 102
119 255 102
119 255 102
119 255 102
120 255 100
120 255 100
120 255 100
120 255 98
119 255 101
119 255 100
119 255 99
118 255 99
118 255 99
118 255 99
119 253 102
119 253 102
119 253 104
119 255 103
119 255 103
119 255 102
119 255 102
119 255 102
119 255 105
119 255 103
119 255 103
119 255 102
119 253 104
119 250 103
119 255 101
119 255 99
119 255 101
119 255 101
119 255 101
119 253 104
119 255 103
119 255 103
119 255 103
119 255 103
120 255 104
119 255 103
119 255 106
119 253 105
119 253 105
119 253 105
119 253 104
119 250 103
119 255 100
120 255 98
119 255 100
119 255 98
119 255 100
119 255 100
119 255 102
119 255 102
119 255 102
119 253 104
119 253 103
119 253 104
119 250 104
119 250 104
119 248 105
119 252 101
119 250 102
119 255 99
120 255 98
119 255 100
119 255 97
119 255 97
119 255 100
119 255 99
119 255 102
119 253 103
119 253 103
119 255 102
119 255 102
119 250 104
119 248 105
119 253 103
119 250 104
119 255 102
119 255 102
119 255 95
118 252 100
119 255 98
119 255 99
119 255 101
119 255 103
119 253 105
119 255 106
119 255 105
120 255 104
119 255 105
119 255 103
119 255 103
118 250 101
118 252 100
119 255 103
119 253 104
119 250 108
119 253 107
119 255 108
119 255 108
119 253 106
119 255 106
118 255 109
117 245 104
118 255 111
118 255 108
117 253 109
117 250 110
117 255 106
117 255 107
117 248 110
117 250 110
118 255 110
117 253 121
118 255 114
118 251 114
118 255 105
118 247 100
118 255 87
119 255 75
118 255 67
118 251 57
117 255 114
117 255 111
117 255 110
117 255 107
117 250 110
117 248 111
117 255 107
117 255 108
117 250 110
117 255 108
118 255 105
118 250 111
118 255 113
117 253 123
118 255 115
117 251 119
118 255 111
118 250 109
118 255 99
119 255 90
119 249 82
118 248 70
120 255 58
120 255 48
119 255 42
118 255 38
117 251 116
117 251 116
117 251 114
117 255 111
117 255 110
118 250 112
118 248 115
118 255 112
118 253 113
118 251 114
118 255 111
118 255 108
118 250 111
118 255 113
118 248 117
117 255 120
117 255 119
118 255 114
118 251 114
118 253 108
118 248 102
119 255 90
120 255 77
119 251 71
120 235 63
120 255 50
120 255 41
120 255 36
119 247 33
120 255 23
117 255 116
117 251 118
117 251 118
117 253 117
118 251 116
118 255 114
118 253 116
118 251 119
118 255 119
118 251 123
118 251 123
118 255 117
119 255 114
118 251 116
118 255 113
118 253 117
118 255 116
117 255 123
117 253 120
117 255 116
117 255 112
118 255 105
118 252 99
119 255 88
119 255 77
120 244 69
120 251 59
119 245 51
120 255 39
120 241 36
120 255 28
120 255 24
120 255 19
120 255 17
117 255 116
117 255 116
117 255 116
117 255 116
118 251 117
118 255 117
118 253 120
118 253 120
118 255 121
118 253 122
118 253 124
119 255 116
119 255 115
118 255 118
119 255 114
118 255 116
118 255 113
118 255 117
117 253 118
117 255 110
117 248 110
119 255 95
118 252 91
119 255 77
118 251 69
119 220 66
119 255 49
120 255 38
120 255 31
120 223 32
120 255 23
122 255 20
122 242 19
124 255 16
117 255 118
117 255 117
117 253 118
118 251 117
118 255 116
118 253 120
118 253 120
118 253 120
118 253 120
118 251 119
118 251 117
118 253 115
118 255 113
118 255 119
118 255 121
118 255 119
118 255 117
118 255 114
118 255 115
118 251 127
117 251 119
118 251 114
118 253 108
118 250 102
118 247 95
118 249 84
119 251 71
119 255 59
119 255 49
121 255 40
119 255 32
120 255 28
123 255 24
123 255 21
123 255 21
122 255 18
122 255 16
122 255 14
117 255 118
117 253 118
117 251 119
118 249 118
118 253 118
118 251 121
118 251 123
118 253 120
118 253 118
118 253 116
118 251 114
118 253 111
118 255 108
118 255 117
118 255 118
118 255 116
118 255 116
118 255 115
118 255 114
118 245 124
118 255 114
118 255 106
119 255 101
118 255 94
118 249 88
118 248 77
119 247 63
119 255 53
119 255 42
120 248 37
120 255 28
120 255 24
121 255 21
122 255 18
122 255 18
122 255 16
122 255 14
122 255 14
117 255 116
118 251 116
118 248 117
118 251 116
118 255 114
118 255 119
119 255 120
119 255 119
118 255 118
118 253 116
118 248 115
117 250 110
117 255 108
118 251 114
118 253 115
118 255 113
118 255 114
118 251 116
118 251 114
118 255 112
118 253 108
118 253 103
118 255 96
118 255 87
118 249 79
118 251 68
119 255 57
119 255 46
120 255 39
119 255 32
120 255 28
120 255 21
122 255 20
122 255 18
120 255 15
120 255 13
122 255 14
120 235 13
118 255 113
118 255 112
118 255 112
118 255 112
119 255 111
118 255 119
119 255 119
119 255 118
118 255 117
118 255 115
118 251 114
117 253 109
117 255 108
118 253 111
118 253 111
118 253 111
118 253 113
118 251 114
118 251 114
119 255 102
118 250 102
118 252 97
118 255 87
118 255 78
118 255 68
119 255 59
119 255 49
120 255 38
120 255 36
120 255 30
120 255 25
120 255 21
122 255 20
122 255 16
120 255 13
120 255 12
120 235 13
120 235 13
118 255 115
118 255 113
118 255 112
118 255 112
118 255 112
119 255 110
118 249 119
118 253 119
119 255 120
118 255 118
118 255 115
118 255 112
117 255 107
118 255 104
118 255 106
117 255 108
117 253 109
118 253 111
118 255 112
118 255 113
118 255 114
119 255 104
118 255 99
118 255 93
119 255 85
119 255 76
119 255 68
119 255 58
119 255 49
119 255 40
120 255 33
119 255 31
120 255 26
123 255 24
122 255 20
122 255 18
122 255 16
120 255 12
120 255 12
120 235 13
120 235 13
120 235 13
118 255 113
118 253 113
118 251 114
118 251 115
118 255 113
118 251 118
118 253 119
118 255 119
118 253 120
118 253 116
118 255 112
118 255 109
117 255 107
118 255 106
117 255 108
118 250 112
118 253 113
118 255 113
118 255 113
118 255 97
119 255 86
119 255 77
120 255 68
119 255 58
119 255 50
119 255 40
119 255 34
120 255 28
120 246 27
120 255 24
123 255 22
122 255 20
122 255 18
122 255 14
120 235 13
120 255 10
120 235 13
120 235 13
118 255 113
118 251 115
118 248 116
118 251 115
118 255 114
119 255 115
119 255 115
118 253 117
118 249 119
118 251 117
118 253 115
118 255 112
118 253 113
118 253 111
118 251 114
118 251 116
118 253 116
118 255 117
118 255 117
118 255 89
119 252 81
119 251 71
119 251 62
119 255 50
119 255 42
119 255 34
120 255 28
120 255 24
119 255 22
119 255 22
122 255 20
122 255 20
122 255 18
122 255 14
120 232 11
120 255 10
125 255 13
124 255 14
118 255 112
118 255 114
118 253 115
118 253 115
119 255 115
119 255 113
119 255 115
118 251 118
118 247 120
118 251 117
118 255 115
118 255 114
118 255 115
118 251 116
118 253 115
118 255 115
118 255 116
118 255 118
118 255 119
119 255 79
120 251 69
120 255 60
119 255 52
120 255 43
120 255 33
120 255 28
119 255 22
119 255 21
119 255 21
120 255 20
122 255 20
122 255 20
122 255 18
122 255 14
120 255 10
120 255 10
125 255 13
124 255 14
118 255 113
118 255 116
118 255 116
119 255 114
119 255 113
119 255 112
119 255 115
118 255 114
118 255 114
118 255 116
118 253 117
118 255 118
118 255 117
118 253 118
118 255 116
118 255 116
118 255 118
118 255 117
119 255 115
118 255 68
120 255 59
120 255 52
120 255 46
120 255 38
120 255 28
120 255 21
120 255 20
120 255 18
122 255 18
122 255 20
122 255 20
120 255 19
120 255 17
120 255 13
120 255 12
120 255 10
123 255 12
122 255 13
118 253 117
118 251 120
118 253 119
118 255 118
119 255 115
118 253 117
118 253 115
118 253 115
118 255 116
118 253 119
118 255 121
119 255 120
118 253 120
118 255 119
118 255 118
118 255 118
118 255 117
120 255 52
121 255 46
120 248 39
119 255 32
120 255 24
119 255 21
120 255 18
118 255 16
122 255 18
122 255 18
122 255 20
122 255 20
120 255 17
120 255 13
120 255 12
120 255 12
123 255 12
118 255 116
118 253 117
118 255 118
119 255 117
118 255 116
118 251 118
118 251 118
118 255 116
119 255 117
118 255 118
119 255 120
119 255 120
118 255 119
118 255 119
118 255 116
118 255 116
118 255 116
121 255 44
122 255 39
121 255 34
120 246 29
119 255 22
118 255 19
122 255 16
122 255 16
122 255 18
122 255 18
122 255 20
122 255 20
122 255 18
122 255 14
120 235 13
120 235 13
123 255 12
118 255 113
119 255 114
119 255 113
119 255 115
118 255 116
118 255 118
119 255 116
119 255 116
119 255 117
119 255 117
119 255 117
118 255 119
118 255 117
118 255 117
118 255 117
121 255 32
120 246 29
120 245 25
119 255 21
118 255 19
122 255 18
122 255 16
122 255 18
122 255 18
122 255 20
122 255 18
122 255 16
122 255 16
122 255 14
120 235 13
118 255 110
119 255 112
119 255 113
119 255 117
119 255 119
119 255 118
119 255 116
119 255 117
118 255 116
119 255 115
118 255 116
118 253 115
118 251 116
120 255 24
119 255 22
119 255 21
118 255 19
122 255 18
122 255 18
122 255 18
122 255 18
122 255 18
122 255 18
122 255 16
122 255 16
122 255 14
119 255 113
119 255 119
119 255 122
119 255 121
119 255 119
118 255 116
118 255 114
118 255 113
118 253 115
119 255 21
120 255 20
122 255 18
122 255 18
122 255 18
122 255 18
122 255 18
122 255 16
122 255 16
119 251 120
120 255 18
118 255 119
118 253 116
118 253 116
118 253 116
118 253 118
118 255 117
118 253 116
118 249 118
118 251 116
118 255 115
119 255 114
118 255 114
118 255 115
118 253 115
118 255 114
118 253 116
118 255 115
118 253 116
118 249 118
118 249 118
118 255 115
118 255 116
118 253 120
118 255 116
118 255 114
118 255 114
118 255 113
118 255 112
118 253 113
118 253 115
118 255 115
118 253 116
118 249 118
118 251 117
118 255 114
118 255 115
118 255 119
118 253 122
118 255 117
118 255 117
118 251 117
118 255 115
119 255 110
118 255 109
118 253 113
118 251 116
118 255 112
119 255 112
118 255 115
118 255 117
118 255 115
118 255 118
118 251 121
119 255 117
118 255 122
118 255 115
118 255 114
118 251 117
118 251 116
118 255 113
118 255 111
118 253 113
118 255 114
118 255 114
118 255 114
118 255 114
118 255 116
118 253 118
118 253 120
118 255 121
119 255 120
118 255 123
118 255 117
118 255 113
118 255 113
118 253 116
118 251 116
118 255 114
118 255 113
118 255 113
118 255 111
118 253 115
118 253 116
118 255 113
118 255 115
118 249 120
118 249 122
119 255 119
118 249 124
118 251 123
118 255 121
118 253 116
118 255 114
118 255 114
118 253 116
118 251 117
118 255 114
118 255 113
118 255 112
119 255 110
118 255 113
118 255 115
118 255 113
118 255 116
118 251 121
118 251 123
118 255 121
118 247 125
118 249 124
118 253 122
117 255 116
117 255 117
118 251 119
118 251 119
118 251 118
118 253 115
118 253 117
118 251 116
118 255 111
118 255 111
118 255 113
118 255 115
118 253 118
118 253 120
118 253 122
118 251 123
118 255 119
118 255 120
118 255 121
117 255 116
117 255 117
118 251 119
118 253 118
118 255 116
118 255 118
118 253 119
118 251 118
118 255 113
118 255 110
118 255 113
118 255 115
118 253 120
118 255 118
118 253 122
118 249 124
118 255 117
118 255 119
117 253 120
117 251 119
117 255 116
117 255 116
118 255 116
119 255 114
119 255 115
119 255 119
119 251 120
118 255 118
118 255 114
118 253 113
118 253 116
118 255 114
118 255 118
118 255 119
118 251 123
118 251 123
118 255 118
118 255 119
117 253 120
117 251 119
117 249 120
117 255 117
118 255 115
119 255 115
119 255 118
119 255 120
119 251 122
119 255 116
118 253 115
118 244 117
118 246 118
119 255 112
119 255 111
118 251 119
118 247 121
118 255 117
118 255 114
118 255 114
118 255 115
118 255 117
118 255 116
118 255 118
118 253 120
119 253 121
119 255 118
119 255 118
118 255 118
118 255 113
117 255 112
117 255 112
117 255 112
118 255 111
117 255 110
118 253 111
118 248 113
118 255 108
118 255 110
118 251 114
118 251 117
118 255 115
118 255 116
118 255 117
118 253 119
119 255 117
119 255 117
118 255 117
118 251 116
117 253 115
117 253 113
117 255 112
117 255 111
117 255 111
118 253 111
117 250 110
118 255 109
118 255 110
118 253 111
118 248 117
118 255 114
118 255 114
118 255 115
118 255 117
118 255 116
118 255 116
118 255 115
118 253 113
117 255 112
117 253 115
117 253 115
117 255 115
118 255 114
118 255 114
118 255 114
118 253 116
118 251 116
118 253 115
118 255 114
118 255 113
118 255 115
118 253 116
118 255 117
118 255 116
118 255 116
118 255 112
118 255 111
117 255 115
117 255 116
117 255 116
118 255 117
118 255 117
118 255 116
118 255 119
118 253 118
118 255 115
118 255 115
118 253 118
118 251 121
118 253 120
118 255 119
118 255 117
119 255 114
118 255 114
118 255 117
118 251 119
118 251 121
118 253 120
118 255 119
118 255 119
119 255 117
119 255 116
118 253 118
118 251 121
118 249 124
118 251 123
118 255 121
119 255 120
118 255 117
118 255 118
118 255 119
118 253 122
118 255 121
118 255 121
118 255 118
118 255 117
119 255 115
118 253 122
118 253 122
118 255 123
118 255 123
118 255 122
118 255 122
118 255 123
118 255 123
118 255 121
118 255 121
118 255 118
118 255 116
118 255 115
119 255 119
118 255 122
118 255 122
118 253 125
118 253 124
118 253 124
118 251 123
118 251 121
118 251 119
118 255 122
