12 231 182
13 234 183
13 234 183
13 239 179
13 238 180
12 231 183
12 230 184
12 231 184
12 235 181
12 231 183
13 229 185
13 233 182
13 234 183
13 233 184
13 232 187
13 228 191
13 232 188
13 240 182
13 238 182
13 231 188
13 233 186
13 242 179
13 232 187
13 232 185
13 234 183
13 233 184
13 230 186
13 235 182
13 236 184
13 233 187
13 234 186
13 238 183
13 236 184
13 232 187
13 234 185
13 242 179
13 240 181
13 241 182
13 232 185
14 236 184
14 238 182
14 233 186
14 231 188
14 238 182
13 235 182
13 237 181
13 235 182
13 233 184
13 230 186
13 230 186
13 234 181
13 236 179
13 234 181
13 234 183
13 231 183
14 232 187
14 233 186
14 238 183
14 234 186
14 232 188
14 237 183
13 234 183
13 237 181
12 233 182
13 230 186
12 226 187
13 232 185
13 231 181
13 233 182
13 226 187
13 230 186
13 230 184
14 236 184
14 234 185
14 232 187
14 237 183
14 237 183
14 234 185
14 237 183
13 233 184
13 237 181
13 234 181
13 233 184
13 229 185
13 234 183
13 231 183
13 232 185
13 229 187
14 238 182
13 237 180
14 234 184
13 235 182
13 234 183
13 230 186
13 237 181
13 238 180
13 234 183
13 235 182
13 232 185
13 233 184
13 234 183
13 235 182
13 235 182
13 233 184
13 232 185
13 230 186
14 234 185
14 241 180
14 241 179
14 233 185
13 233 182
13 230 184
13 230 184
13 235 180
13 231 183
13 228 186
13 233 182
13 233 184
13 229 187
13 234 185
13 240 181
13 238 182
13 233 186
13 231 188
13 232 187
14 237 183
14 238 182
14 238 182
14 236 184
13 227 184
13 224 187
13 229 183
13 234 179
13 224 187
13 220 190
13 229 183
12 234 181
12 228 186
13 232 185
13 239 179
13 238 180
13 229 187
13 227 189
13 232 185
13 241 180
13 235 182
13 234 183
13 237 181
13 227 184
13 229 183
13 229 183
13 227 184
13 226 185
13 226 185
13 227 183
13 228 182
12 219 190
12 229 183
12 230 182
12 221 189
12 222 191
12 228 186
12 229 185
12 222 191
12 234 182
12 229 185
12 226 187
12 229 185
13 233 184
13 233 182
13 230 182
13 233 182
13 230 182
13 230 182
13 231 181
12 231 182
12 226 185
11 226 183
11 227 182
12 230 182
12 229 183
12 229 183
12 227 184
12 229 185
12 225 188
12 228 186
12 232 181
12 240 175
13 236 184
13 234 183
13 238 182
13 235 182
13 235 182
13 235 182
12 234 181
12 234 181
12 227 184
12 229 183
12 239 177
12 241 176
12 234 181
12 230 184
12 233 182
12 230 184
12 231 184
12 234 182
12 235 181
13 234 185
13 237 183
13 238 182
13 240 181
13 240 181
13 240 181
13 235 182
12 233 183
12 229 185
12 231 184
12 238 179
12 241 177
12 235 181
12 230 185
12 229 186
12 231 184
13 233 185
13 232 186
13 229 188
13 233 186
13 234 185
13 237 183
13 237 183
13 238 182
13 237 183
13 236 184
13 229 187
13 233 184
13 234 183
13 233 184
13 235 182
13 237 181
13 232 185
13 227 191
13 228 190
13 232 187
13 236 184
13 236 184
13 230 186
13 232 185
13 233 184
13 233 184
13 233 184
13 232 185
13 229 189
13 236 184
13 236 184
13 233 186
13 233 186
13 237 183
13 234 185
13 228 190
13 234 185
13 238 184
13 236 184
12 229 186
12 229 186
12 230 185
12 230 185
12 229 186
12 228 186
13 228 188
13 228 186
13 229 185
13 231 183
13 231 183
13 230 184
13 231 183
13 234 181
13 239 177
13 239 179
13 231 183
12 230 185
12 230 185
12 230 185
12 230 185
12 229 185
13 230 186
13 224 189
13 225 190
13 233 182
13 233 184
13 226 187
13 230 184
13 242 175
13 230 184
13 233 182
13 230 186
13 233 184
13 237 183
13 238 182
13 236 184
13 237 183
13 232 188
13 237 183
13 237 184
13 233 186
13 238 182
13 237 183
13 233 186
13 237 185
13 240 183
13 238 183
13 238 183
13 233 187
13 237 184
13 236 185
13 231 188
13 236 184
13 233 186
14 222 191
15 224 189
14 221 188
14 222 187
14 222 187
14 221 188
14 225 188
15 229 184
14 227 183
14 226 184
15 235 177
15 225 188
15 228 186
15 228 186
15 226 187
15 226 187
15 229 185
15 230 182
15 227 184
15 226 185
15 222 184
15 227 180
14 222 183
14 215 189
14 217 187
14 222 183
14 221 188
15 222 185
15 224 183
15 223 184
15 232 179
15 227 184
15 225 186
15 229 187
15 230 184
15 230 184
15 226 187
15 222 191
15 218 194
15 220 190
15 224 187
15 227 184
15 227 184
15 226 185
15 225 186
15 225 185
15 221 187
15 219 186
14 217 186
14 219 183
14 213 188
14 215 186
14 222 183
15 220 187
15 220 187
15 222 185
15 223 186
15 225 186
15 226 185
15 227 184
15 229 183
15 232 185
15 229 185
15 230 184
15 230 184
15 229 185
15 226 187
15 224 189
15 221 189
15 224 187
15 226 185
15 227 184
15 223 186
15 223 186
15 223 186
15 226 185
15 221 187
15 221 187
15 216 190
15 213 193
14 220 184
14 216 188
14 220 184
15 224 183
15 218 188
15 220 189
15 225 187
15 225 188
15 222 188
15 228 186
15 230 184
15 233 182
15 227 185
15 228 186
15 228 186
15 226 187
15 228 186
15 228 186
15 229 185
15 228 186
15 226 187
15 228 186
15 229 185
15 226 185
15 227 184
15 227 184
15 226 185
15 225 186
15 225 186
15 228 188
15 221 188
15 222 186
15 217 189
15 212 194
15 220 187
15 218 188
15 223 184
15 227 183
15 221 188
15 224 187
15 229 185
15 229 185
15 226 187
15 228 186
15 228 186
15 233 182
15 232 181
15 224 187
15 226 187
15 226 187
15 226 187
15 228 186
15 228 186
15 228 186
15 226 187
15 229 185
15 229 185
15 227 184
15 229 183
15 230 182
15 229 183
15 227 184
15 226 185
15 227 189
15 225 188
15 222 188
15 227 184
15 225 185
15 221 188
15 222 187
15 222 187
15 227 185
15 227 185
15 223 190
15 228 188
15 234 183
15 233 184
15 227 189
15 228 188
15 229 185
15 233 182
15 230 183
15 225 187
15 222 184
15 226 185
15 229 185
15 229 185
15 230 184
15 230 184
15 230 184
15 228 186
15 226 187
15 228 186
15 228 186
15 229 185
15 230 184
15 231 183
15 233 182
15 231 183
15 230 184
15 232 185
15 232 185
15 226 187
15 225 186
15 230 182
15 230 181
15 227 183
15 226 184
15 225 185
15 229 184
15 229 185
15 225 190
15 229 187
15 233 184
15 230 186
15 228 188
15 230 184
15 235 180
15 235 180
15 225 187
15 218 193
15 223 186
15 225 186
15 228 186
15 228 186
15 229 185
15 229 185
15 228 186
15 226 187
15 224 189
15 224 189
15 225 188
15 226 187
15 229 185
15 229 185
15 229 185
15 229 185
15 229 185
15 230 186
15 230 186
15 225 186
15 225 185
15 227 183
15 228 182
15 228 182
15 226 186
15 224 188
15 229 185
15 228 186
15 227 189
15 230 186
15 237 183
15 228 188
14 229 186
14 230 184
14 233 182
14 231 183
14 224 189
14 219 193
15 223 192
15 226 187
15 225 188
15 224 189
15 224 189
15 225 188
15 225 188
15 225 188
15 224 189
15 225 190
15 228 188
15 230 186
15 232 185
15 230 186
15 229 187
15 229 187
15 230 186
15 226 187
15 225 188
15 225 186
15 225 185
15 223 186
15 223 186
15 225 185
15 223 189
15 221 190
15 225 188
15 226 187
15 224 189
15 233 184
15 237 181
15 230 186
14 231 184
14 225 188
14 222 191
14 222 191
14 224 189
14 227 188
15 229 190
15 229 187
15 226 187
15 224 189
15 224 189
15 224 189
15 226 187
15 228 186
15 228 186
15 227 189
15 230 186
15 233 184
15 233 184
15 229 187
15 228 188
15 229 187
15 230 186
15 228 186
15 226 187
15 227 183
15 222 187
15 222 187
15 227 183
15 225 187
15 227 185
15 223 189
15 221 190
15 219 192
15 220 192
15 222 191
15 224 189
15 226 187
15 228 186
14 226 187
14 224 189
14 223 190
14 224 189
14 227 188
14 228 187
14 231 184
15 233 187
14 226 193
15 224 191
15 228 188
15 232 185
15 232 185
15 229 187
15 228 188
15 229 185
15 230 184
15 230 184
15 225 188
15 228 188
15 235 182
15 237 181
15 229 187
15 227 189
15 229 187
15 225 188
15 229 185
15 231 183
15 225 185
15 223 186
15 228 182
15 227 185
15 230 183
15 221 190
15 221 190
15 221 190
15 224 188
15 228 186
15 229 185
15 229 185
15 228 186
14 226 187
14 224 189
14 224 189
14 228 186
14 233 183
14 234 182
15 221 195
15 229 187
15 230 186
15 232 185
15 230 186
15 228 188
15 227 189
15 228 186
15 230 184
15 229 185
15 228 186
15 232 185
15 232 185
15 232 185
15 229 187
15 228 188
15 228 188
15 230 184
15 231 183
15 226 184
15 225 185
15 228 182
15 226 184
15 230 181
15 226 186
15 225 187
15 225 187
15 227 185
15 230 183
15 230 183
15 227 185
15 224 188
15 226 187
15 225 188
14 227 188
14 231 184
14 237 180
14 235 181
15 222 191
15 229 185
15 229 185
15 229 185
15 226 187
15 224 189
15 224 189
15 228 188
15 230 186
15 230 184
15 233 182
15 233 182
15 229 185
15 225 188
15 226 187
15 228 186
15 226 187
15 225 187
15 226 186
15 223 186
15 225 185
15 227 183
15 222 187
15 225 185
15 227 185
15 225 187
15 224 188
15 226 186
15 230 183
15 231 182
15 229 184
15 226 186
15 226 187
15 225 188
14 227 188
14 230 185
14 231 184
14 228 187
16 225 189
15 229 183
15 229 185
15 229 185
15 228 186
15 226 187
15 226 187
15 230 186
15 232 185
15 230 184
15 233 182
15 233 182
15 228 186
15 223 190
15 223 190
15 225 188
15 229 185
15 224 188
15 226 186
15 224 187
15 226 185
15 229 183
15 221 189
15 221 189
15 223 190
15 223 190
15 223 189
15 226 186
14 228 182
14 230 181
14 227 183
15 227 185
15 226 187
15 226 187
15 229 185
15 229 185
15 228 188
15 224 191
16 230 187
15 229 185
15 228 186
15 229 185
15 230 184
15 229 185
15 229 185
15 229 185
15 229 185
15 226 185
15 225 186
15 225 186
15 225 186
15 220 190
15 214 195
15 218 192
15 226 185
15 231 182
15 232 181
15 230 184
15 233 182
15 225 188
15 222 188
15 223 190
15 225 188
15 227 185
15 230 183
14 228 182
14 226 184
14 221 188
14 218 191
15 225 187
15 229 185
15 231 183
15 230 184
15 228 188
15 229 187
15 228 186
15 229 185
15 230 184
15 230 184
15 229 185
15 228 186
15 228 186
15 227 184
15 224 187
15 225 186
15 229 183
15 224 187
15 217 193
15 220 190
15 229 183
15 227 185
15 233 184
15 234 183
15 229 187
15 230 184
15 231 183
15 233 182
15 231 183
15 231 183
15 227 185
15 224 188
14 219 190
14 218 191
15 225 187
15 226 186
15 230 184
15 230 184
15 229 187
14 227 188
15 226 187
15 226 187
15 226 187
15 226 187
15 226 187
15 226 187
15 225 188
15 226 185
15 226 185
15 229 183
15 230 182
15 227 184
15 224 187
15 225 186
15 229 183
15 225 187
15 229 185
15 226 187
15 234 181
15 230 184
15 231 183
15 228 186
15 226 187
15 223 189
15 224 188
14 226 184
14 230 181
15 224 188
15 224 188
15 228 186
15 229 185
15 229 187
15 225 188
15 224 189
15 224 187
15 225 186
15 225 186
15 225 188
15 220 192
15 225 188
15 228 186
15 226 187
15 225 188
15 229 185
15 228 186
15 226 187
15 229 185
15 229 185
15 229 185
15 224 189
15 220 192
15 223 190
15 224 188
15 225 187
14 226 184
14 228 182
14 225 188
14 225 188
15 220 191
15 224 191
15 226 187
15 230 183
15 231 182
15 223 186
15 219 191
14 225 188
14 225 188
14 227 190
14 227 190
15 230 187
15 234 185
16 237 183
15 239 177
15 235 180
15 233 182
15 233 182
15 230 183
15 227 185
14 223 186
14 225 185
14 230 184
15 226 186
15 229 184
15 227 185
15 226 187
15 230 187
14 231 189
14 228 189
15 232 186
15 232 186
14 230 185
15 230 191
16 225 189
15 218 188
15 226 184
15 227 185
16 234 182
16 231 184
16 224 190
15 223 189
15 230 183
15 230 183
15 219 186
15 216 189
15 219 186
15 228 181
16 225 189
16 236 183
16 233 183
16 227 188
15 225 187
15 231 182
15 230 183
15 223 189
15 230 183
15 226 184
15 223 185
15 219 189
15 217 190
15 222 187
16 220 194
16 227 190
16 228 187
16 227 188
15 225 187
15 229 184
15 227 185
15 223 189
15 227 185
15 226 186
16 220 189
16 226 184
16 226 184
16 220 189
16 216 192
16 221 190
16 222 192
16 226 191
16 224 190
16 225 189
16 227 188
16 227 188
15 224 188
15 224 188
15 223 186
15 220 189
15 221 190
16 220 189
16 225 185
16 225 185
16 223 189
16 218 191
16 223 189
16 230 185
16 227 188
16 225 189
16 228 187
16 227 188
16 223 191
15 221 190
15 225 187
15 230 183
15 224 188
15 223 189
15 220 187
15 217 189
15 216 190
15 220 187
16 226 184
15 221 186
16 218 191
15 226 186
15 227 185
15 229 184
15 227 185
16 227 188
16 225 189
16 224 190
16 225 189
16 233 183
16 223 191
16 228 187
16 227 190
15 222 184
15 218 187
15 217 189
15 220 187
15 223 184
15 221 186
16 219 190
15 227 185
15 229 184
15 230 183
15 230 183
16 231 184
16 230 185
16 230 185
16 230 185
16 234 184
16 228 189
16 228 189
16 228 189
15 224 183
15 221 186
15 218 188
15 220 187
16 225 185
16 223 186
16 220 189
15 223 189
16 227 188
16 228 187
16 229 186
16 231 184
16 231 184
16 230 185
16 229 186
16 227 188
16 225 189
16 222 192
16 227 188
15 221 186
15 220 187
16 222 187
16 222 187
16 223 186
16 221 188
16 223 189
16 221 193
16 221 193
16 223 191
16 225 189
16 228 187
16 228 187
16 227 188
16 225 189
15 224 188
16 229 186
16 221 193
16 229 186
15 229 185
16 220 189
16 220 189
16 222 187
16 226 186
16 227 185
16 226 186
16 225 187
16 224 188
16 223 191
16 226 191
16 225 189
16 228 187
15 226 186
15 226 186
15 225 187
15 224 188
15 223 186
15 229 184
15 220 191
15 226 186
16 229 186
15 224 189
15 226 187
15 229 187
15 226 187
15 226 187
15 223 189
15 218 193
15 215 196
16 221 188
16 219 190
16 225 187
16 229 184
16 229 184
16 226 186
16 226 186
16 227 185
16 228 189
16 229 188
16 229 186
16 229 186
15 226 186
15 226 186
15 223 186
15 225 185
15 220 189
15 220 189
15 216 192
15 224 188
14 228 186
15 228 186
15 225 188
15 229 187
15 228 188
15 223 190
15 225 190
16 228 187
16 230 185
16 227 185
16 226 186
16 227 185
16 221 189
16 221 190
16 223 189
16 226 186
16 226 186
16 225 187
16 226 186
16 230 183
16 227 190
16 232 188
16 232 186
16 229 186
15 224 188
15 224 188
15 223 186
15 227 183
15 219 189
15 216 192
15 219 190
15 221 190
14 222 191
14 229 185
15 231 183
15 230 184
15 234 183
15 231 183
15 227 189
15 225 190
16 221 193
16 233 183
16 232 181
16 227 185
16 229 183
16 229 183
16 224 187
16 220 191
16 221 190
16 223 189
16 223 189
16 221 190
16 225 187
16 231 182
16 226 191
16 232 188
16 233 185
16 230 187
15 223 189
15 223 189
15 223 186
15 228 182
15 230 180
15 221 187
15 226 184
15 220 189
15 235 180
15 238 177
15 229 184
15 226 187
15 230 184
15 233 182
15 226 187
15 225 190
16 225 189
16 233 185
16 230 187
16 228 187
16 228 187
16 224 187
16 221 189
16 222 188
16 225 186
16 225 185
16 225 185
16 222 187
16 220 189
16 219 190
15 220 191
16 224 190
16 223 193
16 231 189
16 232 186
16 232 186
15 225 187
15 226 186
15 225 185
15 225 185
15 226 183
15 221 187
15 220 189
15 220 189
15 228 186
15 234 180
15 227 185
15 226 187
15 229 185
15 231 183
15 226 187
16 228 187
16 229 186
16 232 186
16 229 188
16 229 186
16 230 185
16 226 186
16 222 188
16 220 190
16 221 189
16 221 188
16 222 187
16 227 183
16 230 181
15 226 186
16 224 190
16 224 192
16 232 188
16 233 185
16 229 186
15 225 187
15 225 187
15 222 187
15 222 187
15 221 187
15 220 188
15 223 186
15 221 189
15 221 189
15 225 187
15 221 190
15 221 189
15 224 187
15 226 187
15 223 190
15 225 190
15 228 188
16 228 189
16 226 191
16 224 190
16 226 186
16 226 186
16 223 189
16 215 193
16 214 194
16 222 187
15 215 191
15 217 189
15 225 185
15 227 183
15 222 187
15 220 191
16 221 190
16 229 186
16 229 184
16 227 185
15 224 188
15 225 187
15 226 186
15 225 187
15 221 188
15 219 190
15 218 191
15 226 185
15 224 187
15 223 189
15 220 191
15 221 189
15 222 188
15 223 190
15 220 192
15 223 192
15 227 189
16 234 184
16 230 187
16 228 187
16 231 184
16 233 183
16 230 183
15 224 188
16 222 187
15 224 188
15 220 187
15 220 189
15 218 191
15 216 192
15 220 191
16 220 191
16 224 188
16 225 187
16 225 187
15 223 189
15 226 186
15 229 184
15 229 184
15 229 184
15 225 185
15 233 182
15 226 185
15 227 183
15 225 185
15 225 186
15 224 187
15 224 189
15 222 191
15 225 190
15 227 189
15 232 185
15 228 188
15 225 190
15 228 188
15 226 187
15 226 186
15 224 187
15 225 185
15 222 188
15 226 186
15 220 191
15 219 192
15 223 189
16 221 188
16 222 187
16 222 187
16 220 189
16 224 190
16 228 187
16 231 184
16 233 183
16 222 192
15 230 184
15 230 184
15 230 182
15 226 184
15 225 186
15 224 187
15 225 188
15 224 189
15 225 190
15 227 189
15 229 187
15 225 190
15 224 191
15 225 190
15 223 190
15 223 190
15 222 188
15 226 185
15 224 187
15 220 191
15 219 192
16 223 186
16 225 185
16 223 186
16 221 188
16 224 190
16 228 187
16 229 186
13 237 183
15 229 187
15 230 186
15 231 183
15 228 182
15 225 184
15 222 187
15 221 188
15 225 188
15 226 187
15 228 188
15 227 189
15 232 185
15 232 185
15 230 186
15 232 185
15 226 187
15 224 189
15 225 187
15 229 184
15 224 188
15 221 188
16 226 184
13 234 183
13 237 181
13 235 182
13 233 186
13 233 184
14 238 182
13 235 182
13 236 186
13 237 185
15 230 186
15 237 181
15 231 182
15 226 184
15 222 187
15 225 187
15 229 185
15 231 183
15 234 183
15 232 185
15 225 190
15 228 188
15 229 185
15 231 183
15 228 188
15 219 191
15 219 193
15 222 188
15 225 188
12 231 183
12 233 182
12 225 188
13 235 182
13 233 184
13 228 188
13 230 186
13 233 186
13 229 187
13 234 185
13 241 182
13 240 183
13 241 182
16 236 183
16 236 183
16 231 184
16 228 187
16 229 186
15 230 183
15 227 185
15 225 187
15 227 185
15 229 184
15 230 183
15 225 187
15 225 187
15 229 184
15 226 187
16 223 191
15 223 192
16 229 186
15 225 190
12 230 185
12 229 185
12 230 184
12 228 186
13 235 182
13 232 185
13 228 188
13 232 185
13 233 184
13 229 187
13 233 186
13 232 187
13 232 189
13 229 189
13 231 188
16 233 185
16 233 185
16 232 186
16 229 188
16 227 188
16 229 186
15 225 187
15 223 189
15 225 187
15 227 185
15 226 186
15 223 189
15 221 190
15 224 188
16 227 188
16 224 190
16 227 190
16 229 188
16 229 188
13 235 182
13 235 182
13 234 183
13 235 182
13 230 186
13 234 183
13 230 184
13 230 186
13 237 181
13 238 180
13 233 184
13 233 184
13 233 186
13 232 187
13 228 188
13 230 186
13 232 185
16 229 188
16 230 187
15 228 188
15 229 187
15 229 187
15 229 187
15 226 187
15 225 188
15 222 187
15 226 184
15 225 185
15 222 187
15 224 188
15 224 188
16 229 186
16 229 186
16 228 187
16 227 188
16 228 187
13 237 181
13 235 182
13 235 182
13 234 183
13 230 186
13 235 182
13 234 183
13 234 183
13 241 178
13 239 179
13 234 183
13 237 181
13 233 184
13 234 183
13 235 182
13 237 181
12 234 181
16 230 187
15 228 188
15 232 185
15 230 186
15 229 187
15 229 185
15 226 187
15 222 187
15 228 182
15 228 182
15 227 183
15 227 185
15 225 187
15 226 186
16 231 184
16 229 186
16 225 189
13 234 183
13 237 183
13 237 183
13 234 183
13 232 185
13 234 183
13 239 179
13 238 180
13 237 181
13 239 179
13 234 183
14 233 186
13 234 183
13 227 189
13 232 185
13 235 182
13 234 183
12 228 186
12 225 188
16 232 186
15 227 189
15 234 185
15 228 188
15 224 191
15 225 186
15 222 188
15 220 190
15 227 184
15 230 182
15 229 183
15 226 184
15 225 187
15 225 187
15 225 187
16 225 189
16 223 191
13 233 184
13 237 183
13 238 182
13 237 183
13 234 183
13 232 185
13 237 181
13 235 182
13 233 184
13 233 184
13 225 190
14 223 194
13 225 190
13 228 190
13 234 185
13 235 182
13 233 184
13 227 189
13 224 191
15 227 191
15 238 182
15 230 186
15 224 191
15 226 185
15 224 187
15 220 190
15 227 184
15 230 182
15 229 183
15 227 183
15 225 185
15 226 186
15 224 188
16 225 189
13 233 185
13 236 183
13 238 180
13 238 180
13 235 182
13 231 188
13 234 185
13 232 185
13 232 185
13 234 183
13 227 189
13 221 194
13 224 191
13 232 185
14 241 180
13 239 179
13 235 182
13 232 185
13 232 185
15 242 179
15 233 184
15 225 190
15 228 186
15 224 189
15 219 191
15 229 183
15 227 184
15 225 186
15 226 184
15 227 183
15 227 185
15 223 189
13 236 183
13 236 183
13 237 182
13 234 184
13 230 186
13 233 184
13 237 183
13 234 185
13 238 180
13 245 175
13 238 180
13 232 185
13 235 182
14 234 185
14 238 182
14 237 183
14 233 186
14 232 187
14 236 184
15 222 193
15 225 188
15 222 191
15 216 194
15 225 186
15 220 190
15 218 192
15 220 189
15 225 185
12 236 183
12 237 182
12 236 183
12 231 184
12 229 186
12 230 185
12 234 182
13 235 182
13 230 186
13 227 189
13 228 188
13 232 185
13 232 185
13 232 187
14 229 189
14 234 185
14 238 181
14 237 182
14 230 187
14 227 190
14 230 187
15 225 186
12 234 184
12 234 184
12 230 187
12 229 186
12 230 185
12 230 185
12 231 184
13 232 185
13 230 186
13 233 184
13 234 183
13 233 184
13 228 188
13 234 183
13 235 182
13 237 180
13 237 180
13 230 185
13 224 190
12 232 186
12 232 185
12 232 185
12 230 186
12 232 185
12 230 185
12 231 184
12 230 185
12 229 186
12 231 183
12 233 182
12 231 183
12 228 186
13 236 177
13 231 181
13 234 181
13 235 180
13 231 182
13 224 188
12 232 185
12 233 184
12 233 184
12 233 184
12 231 183
12 234 182
12 231 184
12 228 187
12 226 187
12 228 186
12 231 183
12 233 182
12 233 182
12 236 178
13 228 182
13 229 183
13 234 179
13 232 180
13 225 185
12 229 187
12 230 186
12 231 183
12 230 184
12 228 186
12 233 183
12 230 184
12 228 186
12 226 187
12 228 186
13 229 183
13 231 181
12 233 182
12 234 180
12 227 185
12 227 185
13 232 179
13 234 179
13 227 183
12 228 186
12 229 185
12 226 187
12 221 190
12 230 184
12 229 185
12 229 185
13 230 182
13 230 182
13 227 184
13 227 184
13 227 184
12 233 183
12 230 185
12 231 184
12 234 181
12 234 181
12 231 184
12 233 182
12 229 185
12 223 190
12 233 182
13 230 182
13 233 182
13 234 181
13 233 182
13 229 184
13 227 185
13 230 184
13 232 186
12 234 186
12 237 184
13 240 182
13 238 182
12 239 177
12 234 181
12 226 187
13 238 176
13 235 180
13 231 183
13 234 183
13 229 184
13 226 186
13 229 184
13 233 182
13 228 189
12 236 185
12 240 182
13 240 182
13 230 187
13 234 183
13 236 179
13 241 178
13 242 176
14 241 179
13 233 183
13 230 185
13 232 185
13 233 182
13 232 186
13 237 182
13 238 181
13 229 187
13 235 182
13 238 180
13 237 181
13 233 184
13 230 186
13 229 187
13 233 184
12 230 185
12 233 183
14 227 183
17 218 193
14 225 188
14 234 181
15 231 182
15 224 188
14 223 186
14 228 182
14 226 184
15 224 188
15 229 188
17 220 194
17 223 191
16 228 186
16 231 181
16 225 186
16 228 182
15 230 180
14 230 182
13 228 186
15 227 185
15 226 186
15 225 187
15 234 180
15 231 182
15 223 189
15 224 188
15 229 184
15 227 185
15 224 188
15 233 184
15 229 187
15 225 190
17 223 189
17 226 186
16 226 187
16 225 188
16 226 186
16 231 182
15 222 185
15 220 188
14 220 187
13 228 182
12 234 181
11 235 182
10 241 179
14 229 185
15 229 184
15 229 184
15 226 186
15 234 180
15 231 182
15 224 188
15 224 188
15 225 187
15 223 189
15 224 189
15 225 188
15 224 189
15 224 189
15 225 188
17 222 185
16 223 186
16 230 184
16 229 186
16 227 188
16 227 185
15 230 183
15 223 185
14 221 188
13 225 184
13 236 176
11 236 178
10 234 182
9 242 179
8 252 171
15 228 186
15 226 187
15 225 188
15 228 186
15 228 186
15 233 182
15 231 181
15 227 184
15 227 184
15 224 187
15 222 188
15 226 185
15 224 189
15 224 188
15 226 186
15 231 182
15 234 180
17 224 181
17 220 187
16 215 193
16 217 193
16 219 192
16 220 194
15 221 190
15 226 185
15 228 180
14 230 180
13 235 176
11 240 172
10 240 175
9 242 176
8 248 174
7 251 171
6 250 167
15 228 186
15 224 189
15 224 189
15 226 187
14 225 189
15 228 186
15 229 185
15 230 184
15 230 184
15 224 187
15 224 189
15 231 183
15 234 180
15 229 184
15 224 188
15 221 190
15 225 187
16 226 185
16 217 190
16 216 191
16 223 186
16 228 182
15 227 185
15 224 187
15 225 187
14 231 179
13 234 178
11 233 177
11 240 174
9 249 170
8 255 166
7 255 165
7 252 168
6 249 165
15 229 185
15 227 185
14 225 188
14 225 188
14 228 186
14 227 189
14 226 187
14 227 188
14 227 188
15 233 185
15 235 182
15 233 185
14 227 188
14 231 183
14 223 190
14 223 190
14 224 189
14 230 185
14 231 184
16 224 190
16 224 190
15 218 193
16 218 191
15 218 188
15 219 186
15 219 186
15 221 186
14 225 184
13 226 184
12 231 183
11 235 178
9 243 174
8 242 175
7 240 174
7 249 169
6 255 158
4 255 144
4 255 140
15 233 182
14 229 185
14 225 188
14 228 188
14 234 183
14 228 188
14 224 191
14 224 191
14 229 188
14 231 184
15 233 185
15 232 186
14 230 185
14 231 183
14 223 190
14 224 189
14 224 189
14 228 187
14 230 185
16 223 193
15 228 188
15 225 188
15 225 185
15 228 179
15 227 180
14 223 182
14 227 182
13 231 180
12 241 176
11 241 176
10 245 175
9 246 172
7 246 170
6 249 166
6 253 160
5 252 155
4 255 141
4 249 137
15 235 180
14 229 185
14 225 188
14 229 185
14 236 179
14 230 184
14 227 189
14 225 190
14 232 186
14 231 184
14 225 189
14 224 190
14 229 186
14 230 184
14 224 189
14 226 187
14 225 188
15 226 187
15 229 185
16 231 184
16 229 186
15 227 185
15 230 182
15 235 177
14 232 179
13 229 183
13 230 181
12 238 178
11 242 175
10 249 172
8 247 169
8 246 169
6 244 165
6 255 155
5 255 148
4 255 145
4 253 138
3 251 133
15 231 183
14 228 186
14 226 187
14 228 186
14 234 181
14 228 186
14 224 189
14 224 189
14 229 187
14 228 186
14 225 189
14 225 189
14 229 186
14 226 187
14 224 189
14 229 185
14 226 187
15 228 186
15 228 186
16 237 180
15 225 187
15 225 185
15 230 181
14 232 180
13 231 182
12 228 186
11 235 181
10 243 174
9 238 179
8 245 171
7 252 166
6 246 164
6 244 162
5 248 154
4 255 145
3 255 136
4 255 134
3 251 129
14 224 189
14 228 186
14 225 186
14 224 187
13 221 189
13 224 187
13 217 193
14 223 190
14 222 188
14 223 190
14 225 188
14 230 184
15 231 182
15 229 184
14 223 190
14 224 189
15 233 182
15 230 184
15 229 185
15 229 185
15 223 190
16 228 187
16 230 185
16 222 187
15 225 185
14 234 181
13 238 178
12 238 181
11 234 185
10 240 181
9 249 174
8 246 173
7 243 172
6 244 167
5 245 159
5 243 155
4 243 150
3 246 144
3 253 135
3 245 134
3 245 129
3 251 126
14 228 186
14 226 185
14 225 186
13 220 190
13 220 190
13 220 190
13 224 187
14 224 187
14 219 191
14 224 189
14 231 183
15 230 183
15 223 189
14 222 191
14 224 189
15 233 182
15 230 184
15 229 185
15 230 184
16 227 185
15 220 189
15 225 187
13 237 180
12 245 174
11 244 179
9 238 183
8 242 182
8 248 175
7 250 168
6 239 172
5 235 168
5 247 153
4 255 141
3 255 137
3 249 135
2 247 132
3 245 130
3 251 125
14 229 185
14 229 187
14 228 188
14 226 187
14 229 185
14 231 183
14 229 185
14 224 187
14 221 189
15 225 187
15 229 184
15 226 186
15 220 191
15 224 188
15 224 188
15 230 183
15 226 186
15 228 186
15 231 183
15 229 184
15 226 186
14 229 185
12 235 181
11 246 176
9 242 180
8 241 183
7 241 179
6 248 173
6 246 168
6 243 166
5 240 158
4 251 145
3 255 135
2 255 127
2 255 127
2 251 126
3 251 125
3 255 121
14 230 184
14 229 187
14 229 187
14 231 183
14 239 177
14 231 183
14 225 188
14 220 190
14 225 188
15 230 183
15 231 182
15 229 184
15 226 186
15 226 186
15 225 187
15 229 184
15 224 188
15 226 187
15 231 183
15 225 187
13 238 179
12 233 183
11 234 183
10 241 181
9 240 182
8 240 181
6 245 175
6 253 165
6 243 166
5 252 155
4 255 141
4 255 137
3 251 134
2 247 131
2 247 128
3 245 128
3 251 123
4 255 120
14 234 182
14 228 189
14 229 188
14 233 184
14 232 185
14 227 189
14 222 193
14 228 186
14 230 184
15 224 188
15 225 188
15 227 184
15 221 189
15 226 186
15 224 188
15 223 189
15 226 186
15 227 185
15 226 186
13 241 177
12 235 180
11 246 174
10 249 173
9 242 177
7 237 180
7 246 171
6 255 162
5 255 157
5 255 150
5 255 144
4 255 138
4 255 133
4 251 131
3 249 129
3 249 127
3 253 124
3 251 123
3 255 119
14 227 190
14 228 189
14 229 187
14 225 190
14 223 192
14 223 192
14 225 188
14 226 187
15 224 189
15 224 189
15 225 186
15 224 187
15 225 187
15 223 189
15 223 189
15 224 188
15 225 187
11 237 181
10 243 176
9 245 173
8 242 175
7 239 175
6 246 166
6 255 157
5 255 151
5 255 144
4 255 139
4 255 133
4 255 129
4 253 128
4 251 125
3 251 125
3 255 121
4 251 122
14 227 188
14 227 188
14 228 189
14 222 194
14 227 190
14 229 188
14 228 187
14 227 188
15 228 186
15 226 187
15 226 185
15 230 182
15 224 188
15 223 189
15 224 188
15 225 187
15 221 186
10 245 176
8 245 175
8 246 171
7 247 167
6 246 163
5 249 157
5 253 149
4 255 140
4 255 136
4 255 131
4 255 128
4 255 127
4 255 125
4 255 123
4 255 122
3 255 119
4 255 120
14 229 186
14 229 188
14 223 193
14 232 186
14 236 183
14 228 187
14 225 189
15 231 183
15 231 183
15 226 185
15 231 181
15 226 186
15 225 187
15 226 186
15 227 185
7 243 174
7 247 169
6 253 159
6 252 154
5 250 149
4 255 142
4 255 133
4 255 132
4 255 128
4 255 126
4 255 124
4 255 124
4 255 122
4 255 120
3 255 119
14 231 184
14 227 188
14 234 181
14 233 182
14 224 189
14 222 191
15 230 183
15 230 183
15 223 186
15 226 184
15 227 185
15 226 186
15 224 183
6 247 165
6 255 153
5 253 147
5 250 144
4 253 138
4 255 131
4 255 128
4 255 127
4 255 125
4 255 123
4 255 123
4 255 123
4 255 120
14 235 180
14 231 183
14 224 189
14 223 190
15 229 184
15 230 183
15 226 184
15 225 185
15 226 186
4 255 140
4 255 137
4 255 131
3 255 126
3 253 127
3 253 127
3 251 126
4 255 125
3 251 125
14 222 187
3 249 128
16 229 186
15 224 189
15 223 190
15 225 188
15 227 185
15 225 187
15 221 190
15 220 191
15 221 190
15 220 189
15 230 184
15 226 185
15 222 188
15 221 189
15 222 188
15 223 186
15 220 189
15 218 191
15 218 191
15 220 189
15 221 188
15 219 190
15 216 192
15 235 180
15 230 184
15 225 186
15 226 185
15 226 185
15 224 187
15 223 185
15 221 187
15 220 188
15 222 186
15 227 182
15 228 182
15 223 186
15 219 190
15 222 187
15 231 180
15 223 186
15 227 183
15 225 185
15 219 190
15 221 188
15 220 189
15 218 192
15 224 187
15 225 186
15 221 189
15 219 191
15 222 188
15 225 186
15 228 186
15 224 189
15 226 187
15 225 185
15 222 187
15 227 183
15 226 184
15 223 186
15 228 182
15 230 182
15 219 191
15 226 187
15 228 186
15 225 188
15 224 189
15 226 187
15 229 185
15 228 186
15 222 191
15 223 190
15 218 191
15 226 184
15 226 184
15 230 181
15 226 184
15 222 187
15 228 182
15 227 184
15 229 187
16 233 186
15 232 185
15 230 186
15 229 187
15 225 188
15 224 189
15 223 190
15 226 187
15 225 188
15 225 188
15 218 191
15 227 183
15 228 182
15 230 181
15 226 184
15 221 188
15 223 186
15 221 189
16 232 187
16 233 188
16 232 187
16 233 186
15 230 186
15 228 188
15 223 190
15 222 191
15 228 186
15 226 187
15 226 185
16 218 191
16 225 185
15 226 186
15 231 182
15 228 182
15 223 186
15 226 185
15 224 189
16 228 190
16 228 192
16 228 190
16 234 185
15 234 183
15 232 185
15 226 187
15 225 186
15 218 192
15 219 191
15 224 187
16 219 190
16 222 187
15 223 189
15 230 183
15 227 183
15 221 188
15 224 187
15 225 188
15 230 186
16 229 189
15 228 188
15 234 183
15 231 183
15 226 187
15 221 189
15 225 186
15 218 192
15 219 191
15 224 187
16 227 185
16 226 186
16 227 185
16 227 188
16 235 181
15 229 184
15 219 192
15 223 190
15 226 187
15 227 184
15 224 187
15 225 186
15 230 182
15 226 185
15 218 192
15 215 193
15 221 188
15 222 187
15 225 186
15 225 186
15 224 189
16 225 187
16 226 186
16 227 188
16 237 180
16 231 184
16 220 194
15 224 189
15 233 182
15 221 189
15 218 192
15 220 190
15 227 184
15 225 186
15 217 193
15 216 192
15 225 185
15 222 187
15 227 184
15 224 187
16 228 189
16 233 185
16 232 186
16 224 192
16 225 193
16 233 186
15 234 185
15 231 188
15 229 187
15 229 187
15 222 191
15 220 192
15 225 188
15 225 188
15 218 192
15 218 192
15 221 189
15 224 187
15 230 182
16 230 187
16 230 187
16 230 187
16 229 188
16 227 191
16 226 192
15 223 194
15 228 192
15 232 185
15 233 184
15 229 187
15 229 187
15 231 183
15 230 184
15 226 187
15 226 187
15 227 184
15 231 181
15 235 178
16 228 187
16 223 191
16 227 188
16 235 181
15 233 184
15 223 192
15 219 193
15 230 186
15 226 187
15 229 185
15 228 186
15 228 186
15 231 183
15 230 184
15 228 186
15 230 184
15 224 187
15 229 183
15 232 180
16 223 191
16 228 187
15 235 179
15 233 182
15 220 190
15 221 189
15 230 182
15 224 189
15 228 186
15 226 187
15 226 187
15 229 185
15 228 186
15 228 186
15 231 183
15 219 191
15 220 190
15 225 187
15 227 185
15 226 184
15 224 187
15 219 190
15 221 188
15 225 185
15 225 186
15 227 184
15 225 186
15 222 188
15 225 186
15 226 185
15 227 184
15 232 180
15 225 186
15 221 189
15 225 185
15 220 189
15 220 189
15 225 185
15 226 182
15 224 183
15 226 184
15 229 183
15 224 187
15 220 190
15 224 187
15 225 186
15 225 186
15 230 182
15 227 184
15 217 190
15 218 188
15 227 181
15 229 179
15 226 182
15 227 185
15 226 186
15 220 191
15 217 194
15 220 191
15 221 190
15 221 189
15 222 188
15 222 185
15 222 185
15 218 188
15 229 184
15 227 185
15 220 191
15 218 193
15 223 189
15 221 190
14 223 186
