25 203 192
25 197 195
25 194 198
25 197 198
25 199 196
24 201 195
24 200 196
24 198 200
24 196 202
24 195 201
25 205 188
25 204 189
25 199 196
25 194 201
24 199 199
24 200 199
24 203 195
24 203 195
25 198 197
25 196 199
25 196 194
25 200 189
26 194 192
25 202 191
25 204 189
25 203 190
25 198 194
25 196 200
24 198 201
24 201 200
24 201 197
25 201 195
25 198 194
25 196 196
25 197 192
26 200 186
26 197 189
26 197 189
25 199 192
25 199 192
25 201 190
25 200 191
25 198 193
25 197 197
24 199 199
24 200 200
24 199 199
25 200 196
25 198 194
25 197 195
25 198 193
25 201 190
25 199 192
25 199 192
25 199 192
25 197 194
25 196 195
25 197 194
25 198 193
25 197 194
25 198 196
25 203 196
25 201 198
25 198 198
25 199 197
25 196 196
25 195 197
25 195 197
25 196 195
25 195 197
25 195 197
25 196 196
25 197 195
25 196 196
25 196 196
25 196 196
25 196 196
25 199 197
25 199 197
25 202 197
25 199 197
25 199 197
25 200 196
25 197 197
25 196 198
25 194 198
25 195 197
25 195 200
25 195 200
25 196 199
25 196 199
25 197 195
25 198 197
25 198 197
25 197 198
25 197 198
24 199 199
24 200 198
25 199 200
25 197 199
25 198 198
25 200 196
25 197 197
25 196 200
25 197 198
25 200 195
25 198 197
25 197 198
25 197 198
25 196 199
25 198 194
25 201 195
25 200 196
24 199 199
24 198 200
24 197 201
24 197 201
25 198 201
25 199 200
25 201 198
25 202 197
25 198 198
24 197 201
24 200 198
24 204 194
24 202 196
24 200 198
24 199 199
24 199 199
25 197 195
25 201 193
25 200 194
25 198 198
25 194 202
25 193 203
25 193 204
25 200 199
25 201 198
24 203 197
24 204 196
24 199 199
24 197 202
24 199 200
24 204 195
24 201 198
24 198 200
24 197 201
25 197 199
25 200 193
25 200 193
25 200 193
25 198 194
26 197 193
26 197 193
26 198 192
25 200 193
25 197 202
24 198 202
24 203 198
24 201 200
24 196 206
24 197 207
24 198 204
24 193 206
24 197 202
24 195 203
24 194 204
25 194 202
25 197 197
25 203 190
25 201 192
26 198 192
26 196 194
26 195 194
26 194 196
25 194 198
24 200 200
24 201 200
24 205 197
24 202 199
24 197 207
24 200 204
24 202 199
24 200 201
24 198 201
24 198 200
24 198 200
25 199 195
25 198 196
25 196 198
25 195 197
25 199 196
26 198 194
25 198 197
25 197 199
24 200 200
24 199 202
24 202 202
24 201 203
24 195 209
24 199 205
24 206 198
24 206 198
24 199 200
24 199 199
24 201 197
25 203 191
25 193 204
25 192 205
25 193 203
25 199 197
25 201 195
25 200 196
25 199 200
24 198 202
24 196 206
24 198 204
24 199 205
24 196 208
24 199 205
24 204 200
24 201 200
24 199 200
24 199 199
25 199 197
25 201 195
24 198 202
24 196 204
24 197 203
24 200 201
24 201 200
24 198 203
24 196 206
24 198 204
24 193 207
24 196 204
24 200 201
24 199 202
24 201 200
24 201 200
24 196 206
24 201 198
24 200 198
25 199 197
25 199 197
24 199 202
24 199 202
24 202 202
24 202 202
23 199 206
24 196 208
24 196 206
24 192 209
24 195 205
24 201 199
24 200 200
24 199 202
24 198 203
24 193 209
24 204 194
24 203 195
25 201 195
24 200 201
24 200 201
24 203 201
24 203 201
24 201 203
24 198 204
24 194 206
25 191 208
25 196 203
25 201 198
25 198 201
24 197 203
24 199 201
24 197 203
24 202 196
24 203 195
24 203 195
24 200 200
24 200 201
24 199 202
24 198 204
24 195 205
25 197 202
25 195 204
25 200 199
25 203 196
25 198 201
24 198 202
24 201 197
24 203 195
24 199 200
24 200 198
25 193 204
25 193 204
25 193 203
25 195 204
25 198 198
25 199 200
25 200 196
25 207 192
25 205 192
24 200 198
24 198 200
24 203 195
24 198 202
25 195 199
25 195 201
25 197 198
26 201 197
25 202 194
25 205 192
25 202 194
24 202 196
24 197 198
25 200 196
27 199 226
25 197 229
28 201 218
28 194 222
28 192 227
28 195 225
27 199 224
26 200 226
25 198 229
25 199 229
25 200 224
25 196 225
25 198 223
25 200 222
25 201 223
25 202 223
25 200 226
25 197 227
24 198 224
24 197 220
28 205 226
28 206 224
27 192 234
27 192 230
27 191 228
26 190 228
26 193 225
26 199 223
26 201 222
25 201 223
25 200 224
25 197 225
25 197 224
24 201 223
24 199 223
24 201 221
24 200 222
24 196 226
25 197 226
25 199 223
25 198 224
25 196 225
25 194 227
25 192 227
25 197 219
24 204 211
28 202 225
28 204 225
27 204 228
27 198 228
26 197 225
26 195 225
26 192 226
26 192 226
26 196 224
26 201 223
26 202 224
25 201 223
25 198 224
25 196 226
25 197 225
24 203 221
24 202 222
24 201 223
24 203 219
24 201 221
24 198 224
24 199 223
25 196 225
25 198 223
25 198 223
25 197 224
25 195 224
25 197 221
25 203 215
25 205 210
28 194 225
28 198 223
27 199 226
26 195 230
26 199 223
26 199 223
25 197 224
25 196 225
25 195 226
26 200 223
26 203 222
26 203 222
25 202 225
25 199 225
25 197 225
25 197 225
25 198 224
24 199 223
24 203 219
24 203 219
24 203 219
24 204 218
24 201 221
24 199 223
24 202 220
25 199 222
25 199 222
25 199 222
25 198 223
25 199 222
25 199 222
25 199 222
25 196 220
25 187 228
27 194 223
27 196 223
26 193 227
26 191 232
26 198 224
26 200 223
26 199 224
26 197 226
25 198 227
26 202 224
25 204 223
25 204 223
25 198 227
25 200 226
25 201 222
25 202 221
25 202 221
24 198 224
24 202 220
24 203 219
24 203 219
24 204 218
24 200 222
24 198 224
24 202 220
25 202 218
25 201 220
25 198 223
25 199 222
25 201 220
25 201 219
25 199 222
25 196 225
25 196 220
27 201 220
27 199 222
26 194 224
26 190 228
25 189 231
25 199 222
25 202 222
25 201 223
25 200 227
25 200 230
25 200 227
25 202 227
25 200 227
25 198 228
25 198 225
25 201 222
25 202 221
24 202 224
24 200 226
25 204 216
25 198 223
25 200 221
25 201 220
25 201 219
24 203 219
24 198 224
24 196 226
24 200 222
24 201 221
24 201 221
24 201 221
24 200 222
24 198 224
24 198 224
25 200 221
25 201 219
25 208 212
25 204 214
27 197 228
26 197 223
26 198 222
25 196 223
25 193 226
25 197 225
25 201 223
25 203 226
25 201 228
25 200 229
25 201 226
25 200 224
25 200 224
25 198 224
25 199 223
25 199 223
25 199 224
25 198 225
25 198 225
25 201 220
25 198 223
25 198 223
25 198 223
25 201 220
24 203 219
24 198 224
24 195 227
24 198 224
24 195 228
24 200 222
24 204 217
24 201 221
24 195 228
24 193 230
25 200 221
25 207 213
25 196 222
25 198 220
26 194 231
26 194 226
26 196 224
25 199 222
25 202 222
25 200 230
25 204 228
25 204 227
25 204 227
25 200 227
25 201 223
25 200 221
25 201 220
25 197 221
25 197 221
25 197 221
25 198 223
25 199 222
25 199 222
25 199 222
25 198 223
25 196 222
25 196 225
25 200 221
25 204 216
25 200 221
24 196 226
24 198 224
24 195 228
24 198 224
24 202 220
24 201 221
24 197 225
24 195 227
24 199 223
24 200 219
24 199 218
24 195 222
26 201 223
26 194 229
26 193 231
25 198 227
25 205 221
25 204 228
25 205 226
25 206 225
25 204 227
25 200 227
25 197 225
25 196 223
25 194 222
25 194 222
25 198 219
25 200 218
25 202 216
25 203 217
25 203 217
25 197 224
25 198 223
25 196 223
25 195 226
25 201 220
25 205 215
25 201 219
24 197 225
24 200 222
24 199 223
24 197 225
24 196 226
24 199 223
24 204 218
24 204 218
24 199 223
24 192 228
24 193 225
24 194 223
26 203 221
26 202 222
26 196 228
26 196 228
25 199 226
25 204 223
26 205 224
26 205 224
26 208 221
25 204 222
25 195 227
25 194 225
25 194 222
25 193 223
25 193 223
25 199 219
25 202 216
25 202 216
25 202 216
25 207 211
25 208 210
24 198 221
25 199 219
25 198 223
25 196 222
25 196 222
25 199 219
25 201 219
25 201 220
24 199 223
24 197 225
24 201 223
24 198 227
24 199 226
24 203 221
24 199 226
24 191 235
24 193 230
24 200 219
24 196 224
24 198 222
24 203 219
26 199 223
26 197 226
26 198 225
25 200 224
25 203 224
25 200 227
25 204 223
25 205 219
25 203 221
25 198 224
25 199 219
25 200 215
25 196 220
25 192 227
25 197 224
25 202 218
25 208 212
25 208 210
25 207 211
25 201 217
25 201 219
25 200 218
25 200 218
25 201 217
25 201 219
25 201 220
24 200 222
24 199 223
24 200 224
24 199 225
24 202 222
24 206 218
24 202 222
24 195 230
24 195 228
24 198 221
24 197 223
24 197 223
25 197 224
25 198 223
25 200 221
25 200 222
25 199 223
25 195 227
25 202 220
25 205 216
25 202 220
25 197 223
25 201 218
25 202 216
25 196 225
24 202 217
24 198 221
24 197 223
24 198 221
24 198 221
24 197 223
25 202 216
25 200 218
25 200 216
25 200 218
25 198 220
24 197 223
24 196 224
24 199 226
24 199 226
24 200 224
24 201 223
24 203 221
24 203 221
24 201 223
24 199 226
24 197 225
24 198 224
24 198 224
24 198 224
25 197 224
25 199 222
25 201 219
25 202 220
25 198 222
25 193 227
25 196 224
25 200 219
25 199 220
25 198 222
25 199 220
25 201 221
25 194 227
24 199 223
24 199 223
24 202 220
24 204 218
24 201 221
24 196 226
25 200 218
25 200 218
25 200 215
25 201 217
25 198 220
24 196 224
24 195 225
24 199 226
24 199 226
24 200 224
24 201 223
24 200 224
24 197 228
24 196 229
24 198 227
24 197 225
24 196 226
24 200 226
24 200 226
25 198 224
25 199 223
25 198 222
25 199 223
25 197 224
25 192 230
25 189 233
25 194 227
25 201 220
25 201 221
25 200 222
25 202 221
24 202 220
23 195 229
23 199 222
23 203 217
23 202 218
24 199 220
24 199 220
25 198 220
25 201 217
25 202 213
25 203 215
25 199 219
24 197 223
24 198 221
24 200 222
24 200 222
24 198 224
24 199 223
24 199 225
24 196 229
24 195 228
24 197 225
24 198 224
25 197 227
24 201 227
24 203 225
25 196 224
25 196 224
25 196 225
25 196 225
25 198 223
25 193 230
25 195 226
25 204 217
25 205 218
25 201 222
24 202 220
24 206 218
23 200 223
23 202 218
23 202 218
24 198 222
24 195 225
25 199 219
25 201 214
25 201 217
25 197 221
24 197 223
24 199 220
24 201 221
24 199 223
24 198 224
24 200 222
24 202 222
24 200 224
24 199 223
24 199 223
24 198 224
25 197 226
24 202 226
25 196 226
25 197 225
25 198 224
25 198 224
25 205 218
25 201 225
25 200 223
25 205 218
24 203 222
24 199 225
24 200 222
24 202 220
24 197 223
24 199 220
24 202 217
24 203 214
24 202 213
24 195 221
25 197 216
24 197 219
24 194 222
24 197 223
24 199 220
24 200 222
24 196 226
23 200 223
23 200 223
24 202 222
24 203 221
24 201 221
24 198 224
25 198 223
25 200 222
25 202 223
25 199 223
25 201 221
25 201 221
25 203 220
25 198 225
25 199 224
25 201 222
24 199 225
24 198 224
24 202 220
24 199 220
24 204 215
24 199 220
24 197 220
24 200 216
25 198 215
24 198 218
24 195 221
24 198 221
24 202 217
24 201 221
24 196 226
23 202 221
23 199 224
24 200 224
24 201 223
24 198 224
24 195 228
25 196 225
25 204 218
25 203 215
25 210 208
25 206 214
25 199 222
24 196 226
24 200 222
24 202 220
24 201 221
23 200 223
23 202 221
23 201 219
23 200 221
24 195 222
24 195 221
24 196 220
24 198 222
24 195 225
24 195 227
24 199 223
24 199 223
24 195 227
24 199 226
24 201 223
24 201 221
24 197 225
24 198 224
25 197 221
25 195 224
24 197 223
24 204 215
24 207 214
24 204 218
23 200 223
23 199 224
23 200 222
24 199 220
24 198 221
24 197 225
24 195 227
24 199 223
24 199 223
24 201 223
24 202 222
24 201 221
24 207 214
24 198 224
25 196 226
25 196 226
25 197 225
25 197 225
25 199 223
25 197 225
25 194 229
25 196 226
25 204 218
25 204 218
25 196 226
25 195 228
25 196 226
25 200 222
25 199 226
25 201 223
25 200 224
25 197 228
25 199 223
25 204 217
25 204 218
25 197 225
25 204 218
25 197 225
25 195 228
25 193 230
25 195 227
25 199 223
25 198 227
25 200 224
25 200 224
25 198 227
25 198 224
25 201 221
25 200 222
25 196 226
25 203 219
25 200 222
25 197 225
25 197 225
25 196 225
25 194 227
25 195 226
25 197 225
25 198 227
25 199 226
25 199 225
25 199 226
25 198 227
25 198 227
25 197 225
25 198 224
25 198 224
25 197 225
25 197 225
25 197 225
25 199 223
25 199 223
25 197 224
25 195 227
25 195 227
25 202 220
25 200 224
25 201 223
25 202 222
25 200 224
25 199 226
25 200 222
25 204 218
25 201 221
25 201 221
25 202 220
25 200 224
25 199 223
25 198 224
25 198 224
25 198 222
25 198 224
25 197 223
25 198 221
25 196 224
25 196 226
25 195 227
25 195 227
25 195 228
25 197 225
25 200 222
25 211 210
25 201 221
26 196 228
26 197 227
25 199 226
25 199 225
25 195 227
25 195 228
25 195 228
25 195 228
25 194 229
25 197 223
25 196 222
25 201 221
25 202 220
25 199 223
25 196 226
25 195 227
25 197 225
25 203 219
25 196 226
26 195 229
26 197 226
25 204 220
25 204 223
25 199 225
25 198 227
25 199 226
25 199 226
25 198 227
25 197 225
25 199 223
25 202 220
25 203 219
25 201 221
25 197 225
25 196 226
25 198 224
25 201 223
25 199 226
26 198 225
26 202 221
25 205 219
25 205 221
25 204 223
25 200 224
25 202 222
25 203 221
25 203 221
25 199 223
25 198 224
25 198 224
25 199 223
25 198 224
25 197 225
25 198 224
25 201 221
25 199 225
25 199 225
26 200 223
26 203 220
24 198 224
25 200 227
25 203 224
25 200 224
25 199 225
25 200 227
25 203 224
25 204 222
25 204 222
25 203 219
25 200 222
25 197 225
25 197 225
25 197 225
25 197 225
25 198 224
25 200 222
25 198 227
25 198 227
26 198 225
26 199 224
26 197 226
24 196 224
23 197 224
23 199 222
23 199 224
24 195 227
24 198 222
24 196 224
25 196 223
25 199 219
25 198 229
25 197 228
25 196 229
25 197 230
25 200 227
25 202 225
25 202 225
25 204 218
25 201 221
25 200 222
25 200 222
25 198 224
25 196 226
25 195 227
25 196 226
25 198 227
25 198 227
26 197 226
26 197 226
24 199 220
24 201 221
24 201 221
23 201 222
23 201 222
23 199 224
24 197 225
24 200 219
25 198 220
25 201 220
25 204 216
24 204 218
24 199 223
26 200 226
25 199 226
25 198 227
25 198 227
25 199 225
25 199 226
25 198 227
25 199 223
25 200 222
25 202 220
25 201 221
25 197 225
25 194 229
25 196 229
25 199 226
26 201 222
26 201 222
26 199 224
26 198 225
24 195 225
25 199 219
24 202 217
24 202 220
24 200 222
24 200 222
24 201 221
24 201 218
25 204 214
25 200 218
25 202 218
25 204 216
24 204 218
24 199 223
24 198 224
26 202 223
25 201 223
25 200 224
25 199 225
25 200 224
25 198 227
25 197 228
25 194 229
25 197 225
25 200 222
25 199 223
25 194 229
25 191 232
25 197 228
25 203 221
26 203 220
26 202 221
26 200 223
26 197 226
24 210 209
24 204 215
25 198 220
25 195 224
24 195 225
24 197 223
24 198 221
24 199 220
25 201 217
25 204 216
25 201 219
25 196 222
25 195 224
25 198 223
25 202 218
25 204 216
24 204 218
26 195 229
25 195 226
25 199 222
25 198 224
25 195 227
25 193 227
25 195 225
25 196 226
25 197 225
25 195 227
25 195 227
25 197 225
25 200 222
25 204 220
25 202 222
26 199 224
26 204 219
26 202 221
26 196 228
24 193 227
24 200 219
25 197 221
25 196 223
25 197 221
24 200 219
24 201 218
25 202 216
25 203 215
25 200 221
25 199 222
25 196 222
25 196 223
25 201 220
25 205 215
25 205 215
25 203 217
25 197 224
25 193 229
25 194 229
25 200 222
25 198 222
25 193 227
25 198 224
25 199 223
25 199 223
25 199 223
25 200 222
25 202 220
25 204 220
25 201 223
26 201 222
26 195 229
26 195 229
23 194 227
24 192 229
24 198 222
24 196 224
25 196 223
25 198 220
25 201 217
25 201 217
25 201 217
25 202 216
25 196 222
25 196 222
25 196 222
25 197 221
25 201 217
25 205 213
25 204 214
25 201 217
24 198 222
25 195 226
25 196 225
25 196 223
25 196 222
25 198 222
25 198 221
25 197 228
25 199 226
25 198 224
25 198 224
25 198 224
25 199 223
25 197 224
25 194 227
26 195 229
26 196 228
26 196 228
23 201 219
24 201 218
24 200 222
24 197 223
24 196 224
25 196 222
25 196 222
25 196 222
25 196 222
25 198 220
25 197 221
25 198 220
24 198 222
25 197 221
25 199 219
25 201 217
25 200 218
25 196 222
24 197 223
25 196 225
25 196 223
25 192 227
25 192 228
25 196 224
25 199 226
25 199 225
25 199 223
25 196 226
25 196 226
25 196 226
25 195 226
25 193 228
26 197 226
26 203 220
24 202 220
24 204 218
24 203 219
24 200 222
24 197 225
24 196 224
24 195 225
24 194 226
24 197 223
24 199 220
24 198 221
24 198 221
24 197 225
24 195 225
24 196 224
24 197 223
24 196 224
24 193 227
24 197 223
25 199 222
25 202 218
25 198 222
25 192 228
25 205 219
25 205 219
25 202 220
25 198 224
25 196 226
25 198 224
25 200 221
25 199 222
26 200 223
24 198 224
24 199 223
24 204 218
24 201 221
24 200 222
24 199 223
24 197 225
24 197 223
24 199 220
24 204 215
24 202 220
24 201 221
24 199 223
24 197 225
24 197 225
24 198 221
24 198 222
24 196 224
24 198 221
25 199 220
25 198 222
25 203 221
25 203 221
25 200 222
25 196 226
25 195 228
25 196 226
25 198 223
24 196 203
24 199 220
24 198 221
24 198 222
23 201 222
23 201 222
23 202 221
24 203 219
24 201 221
24 199 223
24 198 222
24 201 218
23 200 221
23 201 220
23 200 221
24 198 221
24 198 221
24 200 219
24 199 220
24 198 222
24 202 217
24 199 220
25 199 223
26 199 190
25 201 190
25 198 194
24 193 203
24 192 206
23 198 205
23 199 205
23 196 208
24 204 196
24 198 222
24 199 223
24 198 224
24 202 223
24 203 219
24 204 217
24 202 220
24 198 222
24 197 225
24 198 224
24 197 223
24 198 221
24 198 221
24 198 221
24 198 221
24 199 218
24 198 221
24 198 221
24 206 213
24 198 194
24 198 194
24 197 195
24 201 192
24 199 195
24 194 201
23 194 204
24 200 200
23 198 201
23 194 205
24 197 198
24 199 195
24 202 194
24 202 222
25 198 225
24 196 226
25 206 217
24 200 222
24 210 211
24 195 227
25 195 226
24 204 218
24 196 226
24 198 221
24 198 222
24 200 219
24 201 218
24 198 222
25 199 219
24 202 217
25 197 221
25 196 222
24 195 199
24 194 200
24 196 198
24 194 200
24 197 197
24 197 198
24 193 202
23 194 204
23 197 201
23 197 202
23 194 204
24 194 201
24 195 199
25 197 198
25 197 198
24 202 224
25 200 223
25 201 222
25 206 215
25 200 222
25 208 213
25 198 223
25 199 222
25 204 216
25 197 224
25 197 224
25 197 224
25 200 218
25 201 217
25 195 224
25 195 224
25 199 219
25 200 218
25 197 224
25 196 199
25 195 200
25 198 197
25 200 195
24 195 201
24 198 198
24 199 197
24 196 200
24 197 201
24 199 199
24 199 201
24 196 204
24 203 195
24 200 196
25 198 197
25 196 199
25 196 199
24 199 226
24 201 221
24 201 221
24 203 219
24 196 226
24 202 220
24 197 225
24 200 222
24 204 218
24 197 225
24 198 222
24 195 225
24 198 221
24 202 217
24 197 223
24 195 225
24 199 220
24 200 219
24 200 222
25 195 200
25 197 198
25 203 192
25 202 193
24 198 198
24 201 195
24 202 194
24 200 196
24 200 198
24 201 197
24 199 199
24 196 202
24 203 193
24 201 195
25 198 197
25 196 199
25 195 200
24 202 220
24 201 221
24 201 221
24 197 225
24 197 225
24 197 225
24 200 222
24 202 220
24 199 223
24 204 215
24 195 225
24 195 225
24 201 218
24 201 218
24 199 220
24 198 221
24 198 224
25 202 193
25 196 199
25 199 196
25 204 191
25 199 196
25 201 195
25 203 193
24 204 194
24 203 195
24 201 197
24 200 198
24 198 200
24 195 203
24 194 202
24 194 202
24 194 202
24 195 201
24 196 200
24 197 199
24 202 220
24 202 220
24 202 220
24 203 219
24 198 224
24 200 222
24 202 220
24 199 220
24 201 218
24 205 214
24 196 224
24 196 224
24 203 216
24 203 216
24 199 220
24 198 222
24 195 227
25 201 194
25 198 197
25 201 194
25 203 192
25 200 195
25 199 197
25 200 196
24 201 197
24 200 198
24 199 199
24 197 201
24 195 203
24 194 204
24 194 202
24 194 202
24 195 201
24 197 199
24 199 197
24 200 196
24 200 222
24 201 221
24 205 216
24 197 225
24 201 221
24 202 220
24 197 223
24 201 218
24 203 216
24 199 220
24 203 216
24 207 212
24 201 218
24 198 222
24 198 221
24 199 195
24 200 194
24 199 195
24 201 195
24 206 191
24 196 200
24 196 200
24 198 200
24 199 199
24 199 199
24 198 200
24 197 201
24 197 201
24 201 197
24 200 198
24 199 200
24 200 199
24 200 198
24 201 197
24 196 226
24 204 217
24 193 230
24 200 222
24 199 223
24 194 229
24 200 222
24 203 219
24 201 221
24 204 217
24 204 217
24 199 223
24 198 224
24 200 194
24 203 191
24 196 198
24 192 202
24 205 192
24 195 201
24 195 201
24 198 200
24 200 198
24 201 197
24 201 197
24 201 197
24 202 196
24 200 198
24 198 200
24 196 203
24 195 204
24 196 202
24 198 200
24 194 229
24 203 219
24 201 221
24 194 229
24 199 223
24 201 221
24 196 226
24 196 226
24 197 225
24 195 197
24 194 199
24 195 197
24 199 196
24 198 197
24 197 198
24 196 202
24 199 199
24 201 197
24 200 198
24 199 199
24 200 198
24 198 201
24 194 205
24 193 206
24 201 198
24 202 199
24 196 206
24 195 207
24 201 200
24 203 197
24 199 223
24 194 198
24 197 195
24 201 192
24 205 190
24 206 189
24 194 204
24 197 201
24 200 198
24 200 198
24 200 198
24 201 197
24 200 199
24 197 202
24 194 205
24 199 200
24 200 201
24 197 205
24 195 207
24 197 205
24 194 198
24 196 199
24 196 199
23 198 200
23 198 200
23 197 201
23 200 198
24 203 197
24 202 198
24 201 199
24 200 200
24 198 202
24 195 205
24 204 195
24 204 195
24 205 197
24 203 198
24 200 201
24 199 202
24 196 199
24 196 199
24 197 198
23 200 198
23 202 196
23 203 195
23 204 194
24 205 195
24 203 197
24 201 199
24 200 200
24 199 201
24 198 200
24 202 197
24 198 201
24 197 205
24 198 203
24 198 204
24 195 207
24 200 196
24 200 198
24 200 198
24 201 197
24 203 195
24 204 196
24 203 197
24 202 198
24 201 199
24 201 200
24 200 201
24 202 197
24 204 195
24 199 200
24 195 203
24 195 204
24 199 200
24 198 203
24 195 207
24 199 199
24 197 201
24 195 203
24 195 203
24 203 197
24 201 199
24 200 200
24 199 201
24 198 204
24 197 205
24 198 201
24 202 197
24 200 198
24 199 199
24 201 198
24 205 194
24 205 197
24 202 196
24 204 194
24 204 195
24 203 196
24 202 197
24 201 198
24 200 199
24 199 200
24 196 203
24 192 207
24 194 205
24 197 202
24 197 201
25 197 199
24 198 200
24 198 201
24 198 204
24 204 195
24 203 196
24 201 198
24 197 202
24 197 202
24 198 201
24 199 200
24 197 202
24 195 207
24 196 206
24 199 200
24 204 194
25 203 193
24 201 197
24 198 200
24 200 200
24 202 198
24 203 197
24 201 199
24 198 203
24 196 206
24 198 204
23 203 200
23 205 198
24 202 199
24 201 197
24 199 197
24 197 199
24 197 203
24 203 197
24 208 194
24 205 197
24 199 202
24 199 202
23 203 200
24 206 196
24 199 199
24 199 200
25 200 221
26 195 229
25 198 220
25 201 217
25 198 220
25 197 224
25 199 222
25 198 223
24 197 225
25 201 219
26 196 220
25 199 226
25 200 224
26 201 222
26 201 222
26 195 229
26 202 221
26 205 218
26 201 222
26 197 227
25 196 222
26 196 221
25 197 221
25 200 218
25 197 221
25 195 225
25 198 224
25 198 224
25 198 225
25 204 218
25 195 222
26 198 218
26 200 215
26 197 226
26 200 223
26 201 222
26 200 223
25 198 227
25 196 229
25 197 228
25 202 222
25 205 219
25 204 220
25 201 223
25 200 224
25 199 226
26 199 220
26 198 221
26 196 224
26 198 221
26 201 218
26 199 220
25 197 224
25 197 223
25 196 226
25 197 227
25 202 220
25 196 223
25 196 221
25 197 220
25 197 220
26 195 229
26 196 228
26 198 225
26 199 224
26 198 225
25 198 227
25 198 227
25 199 225
25 200 224
25 203 221
25 204 220
25 204 220
25 201 223
25 199 226
25 197 228
26 198 221
26 198 221
26 197 223
27 197 224
26 197 223
26 201 218
26 202 220
26 200 223
25 200 222
25 198 224
25 197 228
25 199 223
25 198 223
25 197 221
25 197 221
25 198 220
25 199 219
26 201 222
26 197 226
26 196 228
26 197 227
26 197 226
26 198 225
25 199 225
25 202 222
25 200 224
25 198 227
25 199 226
25 202 222
25 202 222
25 199 226
25 197 230
25 199 226
26 197 227
26 200 222
26 195 227
26 193 227
26 200 222
26 195 227
26 202 222
26 202 221
26 202 221
25 202 220
25 200 222
25 197 225
25 198 222
25 199 223
25 198 221
25 198 223
25 201 221
25 202 218
26 198 225
26 197 226
25 198 227
26 201 222
26 201 222
26 199 224
25 198 227
25 198 227
25 200 224
25 196 229
25 196 229
25 200 224
25 199 225
25 195 230
25 197 231
25 199 225
26 197 227
26 201 222
25 200 221
25 198 223
25 197 225
25 200 224
25 199 226
25 198 229
25 198 229
25 201 226
25 201 223
25 202 220
25 198 222
25 195 224
25 198 222
25 201 220
25 198 221
25 199 223
25 197 223
25 198 221
25 196 226
25 198 227
25 197 228
25 199 228
25 202 222
25 203 221
25 200 224
25 199 226
25 199 225
26 197 226
26 197 227
26 197 227
26 197 226
25 199 226
25 199 225
25 199 225
25 199 225
26 200 226
26 200 226
26 198 224
25 196 225
25 194 227
25 195 228
25 195 227
25 198 229
25 197 230
25 197 230
25 199 228
25 199 223
25 201 221
25 198 220
25 197 221
25 196 225
25 198 223
25 199 222
25 198 223
25 199 223
25 201 221
25 196 226
25 200 227
25 199 228
25 200 227
25 202 222
25 202 222
25 199 225
25 198 227
25 198 227
26 200 223
26 200 223
26 199 224
26 199 224
26 199 224
26 198 225
25 197 228
26 196 228
26 197 229
26 195 231
26 194 224
26 194 223
26 194 223
26 198 222
26 200 219
25 201 219
25 200 221
25 199 222
25 197 224
26 197 223
26 198 222
26 198 221
26 199 220
25 195 226
25 197 224
25 198 223
25 198 223
25 199 223
25 201 221
25 197 225
25 200 224
25 199 225
25 200 224
25 201 223
25 200 224
26 197 226
26 196 228
26 196 228
26 197 226
26 197 226
26 198 224
26 199 223
26 199 223
26 198 224
26 197 226
26 196 228
26 197 227
26 194 230
26 193 223
26 194 223
26 195 222
26 198 219
26 201 216
26 202 217
26 201 218
26 199 220
26 197 223
26 196 224
26 195 222
26 197 223
26 198 221
25 197 224
25 199 222
25 200 221
25 199 222
25 200 222
25 201 221
25 198 224
25 199 226
25 199 226
25 199 225
26 199 224
26 198 225
26 197 227
26 196 228
26 197 227
26 196 228
26 196 228
26 195 227
26 196 226
26 197 225
26 196 226
26 195 227
26 195 228
26 197 226
26 196 228
26 194 226
26 194 223
26 194 226
26 192 228
26 193 227
26 195 225
26 194 224
26 194 224
25 194 225
25 193 226
25 195 226
26 196 224
26 200 223
26 202 221
25 198 223
25 199 222
25 199 222
25 199 222
25 200 221
25 201 220
25 199 223
25 200 222
25 198 224
26 196 228
26 197 226
26 197 226
26 197 226
26 197 227
26 196 226
26 197 225
26 198 224
26 199 223
26 198 224
26 196 226
26 195 227
26 194 226
26 193 227
26 192 228
26 192 231
26 195 229
26 196 228
26 200 223
26 197 223
26 196 224
26 194 226
26 195 225
26 197 223
26 197 223
26 197 223
25 194 225
25 196 225
25 197 224
25 198 224
25 201 223
25 201 223
25 196 225
25 197 224
25 197 224
25 197 224
25 198 223
25 200 221
25 197 225
26 196 228
26 197 226
26 198 225
26 197 227
26 195 227
26 196 226
26 198 224
26 199 223
26 199 223
26 198 224
26 197 225
26 196 226
26 196 224
26 196 224
26 195 225
26 195 228
26 194 230
26 196 228
26 199 224
25 198 223
25 197 224
25 200 221
25 202 218
25 201 220
26 201 222
25 197 224
26 198 225
25 199 225
25 201 226
25 199 226
25 198 227
25 200 224
25 200 224
26 198 225
26 197 226
25 197 224
25 199 222
25 196 226
26 198 225
26 200 223
26 200 223
26 197 226
26 196 228
26 197 227
26 199 224
26 199 224
26 198 224
26 197 225
26 197 225
26 198 224
26 199 223
26 199 223
26 198 222
26 198 224
26 197 227
25 197 228
26 199 225
26 197 225
26 194 226
25 197 224
26 204 218
26 199 223
26 199 226
26 196 229
26 197 229
25 198 227
25 200 227
25 198 227
25 198 227
25 203 221
25 202 222
26 200 223
26 198 225
25 197 224
25 198 223
25 195 227
26 201 222
26 203 220
26 202 221
26 198 225
26 196 228
26 197 227
26 198 225
26 198 225
26 200 223
26 200 222
26 199 223
26 200 222
26 200 222
26 198 224
26 196 226
26 195 228
26 198 225
25 196 229
26 196 229
26 198 221
26 202 215
26 203 219
26 197 223
26 203 221
26 197 228
26 199 225
26 204 220
26 197 228
25 191 231
25 194 226
25 196 224
25 201 221
26 201 222
26 200 223
26 200 223
26 199 224
26 197 226
25 195 228
25 199 225
25 204 220
25 200 224
25 193 233
25 193 233
25 200 224
25 200 222
25 195 228
25 202 220
25 197 224
26 196 228
26 197 227
26 197 226
26 197 225
26 197 225
26 197 225
26 196 228
25 198 227
26 195 225
26 197 223
26 197 223
26 197 225
27 204 221
27 201 223
27 202 222
27 204 221
26 199 225
26 197 227
25 194 226
25 195 225
25 199 222
26 200 223
26 201 222
26 202 221
26 202 221
25 195 230
25 199 225
25 199 226
25 194 231
25 195 230
25 200 224
25 199 223
25 195 227
25 198 224
25 196 226
25 198 227
26 197 226
26 197 227
26 195 229
26 194 229
26 194 230
26 196 228
26 196 226
26 198 224
26 197 228
26 196 229
27 199 227
27 205 223
27 204 224
27 201 225
26 200 224
26 200 223
25 195 225
25 197 225
26 200 223
26 202 224
26 201 222
26 203 220
26 202 220
25 196 229
25 198 227
25 199 225
25 199 225
25 198 227
25 199 225
25 199 225
25 199 226
25 196 229
25 195 227
25 197 225
25 199 223
26 201 222
26 198 225
26 198 225
26 199 224
26 196 228
26 204 220
26 202 225
26 197 232
26 194 235
27 202 226
27 198 228
27 195 231
26 203 225
26 205 220
25 199 228
25 198 227
25 202 225
26 201 225
26 199 224
26 201 222
25 200 224
25 201 223
25 204 220
25 203 221
25 201 223
25 200 224
25 200 224
25 199 226
25 198 227
25 197 225
25 200 222
26 203 220
26 202 221
26 202 221
26 203 220
26 202 226
26 197 232
26 194 235
26 200 228
26 196 229
26 194 231
26 203 225
26 207 221
25 203 229
26 200 229
25 202 225
26 200 226
26 200 226
25 200 224
25 204 220
25 204 220
25 202 222
25 200 224
25 201 223
25 205 219
25 199 225
25 195 228
25 195 227
26 199 224
26 199 224
26 198 224
27 198 228
26 199 225
27 195 226
27 195 226
26 202 225
26 205 223
26 201 228
26 200 231
26 203 225
25 200 224
25 200 224
25 199 225
25 199 225
25 204 220
25 197 225
25 192 231
25 192 230
26 197 226
27 196 225
25 197 223
25 196 228
24 202 220
23 196 228
24 196 226
24 195 228
25 197 227
25 199 224
25 199 224
25 198 224
25 200 222
24 195 225
24 205 214
24 204 215
24 194 226
24 198 224
24 198 224
24 199 223
24 197 225
24 196 226
25 200 221
25 201 219
25 199 219
25 198 220
24 199 220
24 197 223
24 207 212
24 204 215
24 192 226
24 194 224
24 198 221
24 204 218
24 197 225
24 195 227
25 202 218
25 205 215
25 203 215
25 205 213
25 190 230
24 201 218
25 203 215
25 201 217
25 196 222
25 197 221
24 197 219
24 195 221
24 193 227
24 198 221
24 201 221
24 195 227
25 197 224
25 204 216
25 205 213
25 198 220
25 196 223
25 205 213
24 200 219
25 202 216
25 201 217
25 197 221
25 199 217
25 198 215
25 195 218
25 198 220
24 199 220
24 201 221
25 198 223
25 198 223
25 201 220
25 200 218
25 197 221
25 195 224
25 202 216
24 202 217
24 202 217
25 205 213
25 204 214
25 197 216
25 198 215
25 198 215
25 194 219
25 199 219
24 198 222
25 196 223
25 196 222
25 200 221
25 199 219
25 199 219
25 200 218
25 195 224
25 200 218
25 194 225
24 203 216
24 203 216
24 205 214
25 206 212
24 201 214
25 202 211
25 202 211
25 196 217
25 198 220
24 198 222
25 196 223
25 196 223
25 198 220
25 200 218
25 200 218
25 200 218
25 197 221
25 201 217
25 194 225
24 200 222
24 199 220
24 203 216
25 205 213
25 205 213
25 208 210
25 208 210
25 202 216
25 199 219
25 201 217
25 199 219
25 196 223
25 197 221
25 199 219
25 200 218
25 196 222
25 201 217
25 203 215
25 195 224
24 202 220
24 201 221
24 201 218
24 203 216
24 202 217
25 204 214
25 203 215
25 197 221
25 196 223
25 199 219
25 198 220
25 195 221
25 197 221
25 201 217
25 201 217
25 196 222
25 199 219
25 204 214
25 194 225
24 199 220
24 204 218
24 201 221
24 198 221
24 199 220
24 201 221
24 202 217
24 200 219
24 193 227
25 193 226
25 194 225
25 196 222
25 198 220
25 200 218
25 201 216
25 201 217
25 199 219
25 197 221
25 205 213
25 195 224
25 199 219
24 199 223
24 197 225
24 198 224
24 199 220
24 200 219
24 204 215
24 204 215
25 197 221
25 196 223
25 192 224
25 196 223
25 201 217
25 202 215
25 197 220
25 195 222
25 198 220
25 195 222
25 205 213
25 195 224
24 203 219
24 199 223
24 197 225
25 199 222
25 204 216
25 207 211
25 207 211
25 204 214
25 197 219
25 199 215
25 198 216
25 195 220
25 192 223
25 193 222
25 195 220
25 197 220
25 197 217
25 194 223
25 192 226
24 201 221
24 200 222
25 199 222
25 199 222
25 199 219
25 200 218
25 200 217
25 199 218
25 198 216
25 200 214
25 198 216
25 195 220
25 194 221
25 195 220
25 196 219
25 195 220
25 198 216
25 197 217
25 197 220
24 198 224
24 200 222
25 201 220
25 201 220
25 199 219
25 198 220
25 198 219
25 200 217
25 200 216
25 200 216
25 197 219
25 195 221
25 195 221
25 197 219
25 199 219
25 197 221
25 198 220
25 201 217
25 199 219
25 201 220
25 202 218
25 201 217
25 199 219
25 197 221
25 197 220
25 198 219
25 198 218
25 196 220
25 194 225
25 193 223
25 196 220
25 198 218
25 200 218
25 198 220
25 197 221
25 200 218
25 201 220
25 201 220
25 200 218
25 198 220
25 196 221
25 194 224
25 192 227
25 198 223
25 196 225
24 195 228
25 197 224
25 201 220
25 202 218
25 201 219
25 201 220
25 199 222
25 199 222
25 198 220
25 199 219
25 200 217
25 200 217
25 197 220
25 195 224
25 198 223
24 196 226
24 196 226
24 199 223
24 202 220
25 202 218
25 201 220
25 200 221
25 198 223
25 200 218
25 202 215
25 202 215
25 200 217
25 198 220
24 199 223
24 199 226
24 199 226
24 201 221
24 202 220
24 199 223
25 198 225
25 197 226
25 197 220
25 194 223
25 193 226
24 200 222
24 199 225
24 200 224
24 202 222
24 201 221
24 196 226
24 201 223
